Unnamed: 0,UBERON:0002037
GSM240833,-1
GSM240832,-1
GSM240835,-1
GSM240834,-1
GSM240837,-1
GSM240836,-1
GSM240839,-1
GSM240838,-1
GSM281902,-1
GSM281903,-1
GSM281900,-1
GSM281901,-1
GSM281906,-1
GSM281907,-1
GSM281904,-1
GSM281905,-1
GSM281908,-1
GSM281909,-1
GSM408728,-1
GSM249719,-1
GSM408723,-1
GSM408722,-1
GSM498681,-1
GSM498680,-1
GSM358381,-1
GSM258036,-1
GSM258037,-1
GSM258038,-1
GSM624037,-1
GSM97881,0
GSM97880,0
GSM97883,0
GSM97885,0
GSM97884,0
GSM97887,0
GSM97886,0
GSM158711,-1
GSM158712,-1
GSM158713,-1
GSM158714,-1
GSM158715,-1
GSM158716,-1
GSM158717,-1
GSM158718,-1
GSM158719,-1
GSM343846,-1
GSM343847,-1
GSM343844,-1
GSM343845,-1
GSM343842,-1
GSM343843,-1
GSM343840,-1
GSM343841,-1
GSM564836,-1
GSM564834,-1
GSM564835,-1
GSM262044,-1
GSM262045,-1
GSM262046,-1
GSM262047,-1
GSM262040,-1
GSM262041,-1
GSM262042,-1
GSM262043,-1
GSM262048,-1
GSM262049,-1
GSM347699,-1
GSM287405,-1
GSM287404,-1
GSM287407,-1
GSM287406,-1
GSM287401,-1
GSM287400,-1
GSM287403,-1
GSM287402,-1
GSM287409,-1
GSM287408,-1
GSM249869,-1
GSM249868,-1
GSM249866,-1
GSM249861,-1
GSM249860,-1
GSM249863,-1
GSM249862,-1
GSM152011,-1
GSM152010,-1
GSM152013,-1
GSM152012,-1
GSM152015,-1
GSM152014,-1
GSM152017,-1
GSM152016,-1
GSM654658,-1
GSM654659,-1
GSM387118,-1
GSM387119,-1
GSM387111,-1
GSM387112,-1
GSM387113,-1
GSM388137,-1
GSM388135,-1
GSM388134,-1
GSM388133,-1
GSM388132,-1
GSM388131,-1
GSM388130,-1
GSM297879,-1
GSM297878,-1
GSM297875,-1
GSM297874,-1
GSM297877,-1
GSM297876,-1
GSM297871,-1
GSM297870,-1
GSM297873,-1
GSM297872,-1
GSM493987,-1
GSM187268,-1
GSM187269,-1
GSM386249,-1
GSM386243,-1
GSM386241,-1
GSM493986,-1
GSM493984,-1
GSM300238,-1
GSM300239,-1
GSM300230,-1
GSM300231,-1
GSM300234,-1
GSM300235,-1
GSM306179,-1
GSM306178,-1
GSM306175,-1
GSM306174,-1
GSM306177,-1
GSM306176,-1
GSM306171,-1
GSM306170,-1
GSM306173,-1
GSM306172,-1
GSM543329,-1
GSM342782,-1
GSM342783,-1
GSM342781,-1
GSM490991,-1
GSM342788,-1
GSM342789,-1
GSM151977,-1
GSM151976,-1
GSM151975,-1
GSM151974,-1
GSM151973,-1
GSM151972,-1
GSM151971,-1
GSM151970,-1
GSM490990,-1
GSM151979,-1
GSM151978,-1
GSM553481,-1
GSM553480,-1
GSM553483,-1
GSM553482,-1
GSM553485,-1
GSM553487,-1
GSM553486,-1
GSM490993,-1
GSM578899,-1
GSM531690,-1
GSM531691,-1
GSM531692,-1
GSM531693,-1
GSM531694,-1
GSM531695,-1
GSM390160,-1
GSM476267,-1
GSM476266,-1
GSM476265,-1
GSM476264,-1
GSM476263,-1
GSM476262,-1
GSM476261,-1
GSM476260,-1
GSM490999,-1
GSM475790,-1
GSM475798,-1
GSM490998,-1
GSM516801,-1
GSM306948,-1
GSM306949,-1
GSM306944,-1
GSM306946,-1
GSM306947,-1
GSM306940,-1
GSM146148,-1
GSM146149,-1
GSM146146,-1
GSM146147,-1
GSM146144,-1
GSM146145,-1
GSM146142,-1
GSM146143,-1
GSM648699,-1
GSM648698,-1
GSM648691,-1
GSM648690,-1
GSM648693,-1
GSM648692,-1
GSM648695,-1
GSM648694,-1
GSM648697,-1
GSM648696,-1
GSM281322,-1
GSM281323,-1
GSM281320,-1
GSM281321,-1
GSM281326,-1
GSM281327,-1
GSM281324,-1
GSM281325,-1
GSM281328,-1
GSM281329,-1
GSM371658,-1
GSM371659,-1
GSM371388,-1
GSM371389,-1
GSM371380,-1
GSM371381,-1
GSM371382,-1
GSM371383,-1
GSM371384,-1
GSM371385,-1
GSM371386,-1
GSM371387,-1
GSM490148,-1
GSM490149,-1
GSM490146,-1
GSM490145,-1
GSM578964,-1
GSM464377,-1
GSM464378,-1
GSM464379,-1
GSM101652,0
GSM101651,0
GSM101650,0
GSM693853,-1
GSM693852,-1
GSM693851,-1
GSM693850,-1
GSM693854,-1
GSM261298,-1
GSM261299,-1
GSM230414,-1
GSM230415,-1
GSM230416,-1
GSM230417,-1
GSM230410,-1
GSM249986,-1
GSM249987,-1
GSM249984,-1
GSM249985,-1
GSM249983,-1
GSM249980,-1
GSM249981,-1
GSM249988,-1
GSM350257,-1
GSM350255,-1
GSM350254,-1
GSM290399,-1
GSM290398,-1
GSM350251,-1
GSM350250,-1
GSM290397,-1
GSM290396,-1
GSM350259,-1
GSM350258,-1
GSM387099,-1
GSM387098,-1
GSM387091,-1
GSM387090,-1
GSM387093,-1
GSM387094,-1
GSM387097,-1
GSM272959,-1
GSM272958,-1
GSM272957,-1
GSM272956,-1
GSM272955,-1
GSM272954,-1
GSM139131,-1
GSM272952,-1
GSM272951,-1
GSM272950,-1
GSM124675,-1
GSM603045,-1
GSM603044,-1
GSM603043,-1
GSM122539,-1
GSM122538,-1
GSM122535,-1
GSM122534,-1
GSM122537,-1
GSM122536,-1
GSM122531,-1
GSM122530,-1
GSM122533,-1
GSM122532,-1
GSM564833,-1
GSM97913,0
GSM97912,0
GSM97911,0
GSM97910,0
GSM97917,0
GSM97916,0
GSM97915,0
GSM97914,0
GSM97919,0
GSM97918,0
GSM563250,-1
GSM563256,-1
GSM563255,-1
GSM563254,-1
GSM491178,-1
GSM491179,-1
GSM491175,-1
GSM491176,-1
GSM491177,-1
GSM516678,-1
GSM400723,-1
GSM407110,-1
GSM400721,-1
GSM400720,-1
GSM400727,-1
GSM407114,-1
GSM407117,-1
GSM407116,-1
GSM389789,-1
GSM389788,-1
GSM389783,-1
GSM389782,-1
GSM389786,-1
GSM389785,-1
GSM673961,-1
GSM673960,-1
GSM673963,-1
GSM673962,-1
GSM673965,-1
GSM155631,-1
GSM673967,-1
GSM673966,-1
GSM673969,-1
GSM673968,-1
GSM523378,-1
GSM523379,-1
GSM523370,-1
GSM523371,-1
GSM523372,-1
GSM523373,-1
GSM523374,-1
GSM523375,-1
GSM523376,-1
GSM523377,-1
GSM450710,-1
GSM377467,-1
GSM377465,-1
GSM377464,-1
GSM377462,-1
GSM377461,-1
GSM377468,-1
GSM234850,-1
GSM555975,-1
GSM555978,-1
GSM258898,-1
GSM258899,-1
GSM258896,-1
GSM258897,-1
GSM258895,-1
GSM654656,-1
GSM489337,-1
GSM654650,-1
GSM489339,-1
GSM489338,-1
GSM654652,-1
GSM654653,-1
GSM97967,0
GSM97965,0
GSM261311,-1
GSM261310,-1
GSM261313,-1
GSM261312,-1
GSM261315,-1
GSM261314,-1
GSM261317,-1
GSM261316,-1
GSM261319,-1
GSM261318,-1
GSM381343,-1
GSM381342,-1
GSM381341,-1
GSM381340,-1
GSM381346,-1
GSM381345,-1
GSM381344,-1
GSM401081,-1
GSM401080,-1
GSM401083,-1
GSM401082,-1
GSM401085,-1
GSM401084,-1
GSM401087,-1
GSM401086,-1
GSM401089,-1
GSM401088,-1
GSM124850,-1
GSM124851,-1
GSM124853,-1
GSM472081,-1
GSM472080,-1
GSM472087,-1
GSM472086,-1
GSM472085,-1
GSM472084,-1
GSM472088,-1
GSM387115,-1
GSM387116,-1
GSM387117,-1
GSM387110,-1
GSM156178,-1
GSM156179,-1
GSM156176,-1
GSM156177,-1
GSM156170,-1
GSM156171,-1
GSM277798,-1
GSM277799,-1
GSM277796,-1
GSM277797,-1
GSM277794,-1
GSM277795,-1
GSM277792,-1
GSM277793,-1
GSM277790,-1
GSM277791,-1
GSM388139,-1
GSM388138,-1
GSM432999,-1
GSM432998,-1
GSM388136,-1
GSM432995,-1
GSM432994,-1
GSM432997,-1
GSM432996,-1
GSM432991,-1
GSM229909,-1
GSM432993,-1
GSM432992,-1
GSM125062,-1
GSM125063,-1
GSM125060,-1
GSM125061,-1
GSM125066,-1
GSM125067,-1
GSM125064,-1
GSM125065,-1
GSM125068,-1
GSM125069,-1
GSM400794,-1
GSM483308,-1
GSM483309,-1
GSM483304,-1
GSM483305,-1
GSM483306,-1
GSM483307,-1
GSM483300,-1
GSM483301,-1
GSM447197,-1
GSM351424,-1
GSM351423,-1
GSM351422,-1
GSM351421,-1
GSM351420,-1
GSM445975,-1
GSM445974,-1
GSM445977,-1
GSM445976,-1
GSM445971,-1
GSM445970,-1
GSM445973,-1
GSM445972,-1
GSM445979,-1
GSM445978,-1
GSM447229,-1
GSM447228,-1
GSM447223,-1
GSM447222,-1
GSM447221,-1
GSM447220,-1
GSM447227,-1
GSM447226,-1
GSM447225,-1
GSM447224,-1
GSM730686,-1
GSM247700,0
GSM247701,0
GSM194458,-1
GSM194457,-1
GSM194456,-1
GSM194455,-1
GSM194454,-1
GSM194453,-1
GSM194452,-1
GSM290409,-1
GSM290408,-1
GSM290401,-1
GSM290400,-1
GSM290403,-1
GSM290402,-1
GSM290405,-1
GSM290404,-1
GSM290407,-1
GSM290406,-1
GSM292139,-1
GSM292138,-1
GSM292137,-1
GSM292136,-1
GSM259073,-1
GSM251686,-1
GSM726204,-1
GSM574060,-1
GSM280343,-1
GSM280342,-1
GSM280341,-1
GSM280340,-1
GSM280347,-1
GSM280346,-1
GSM280345,-1
GSM280344,-1
GSM280349,-1
GSM280348,-1
GSM281432,-1
GSM281433,-1
GSM281430,-1
GSM281431,-1
GSM281436,-1
GSM281437,-1
GSM281434,-1
GSM281435,-1
GSM281438,-1
GSM281439,-1
GSM158822,-1
GSM158823,-1
GSM158820,-1
GSM158821,-1
GSM158826,-1
GSM158827,-1
GSM158824,-1
GSM158825,-1
GSM97896,0
GSM97897,0
GSM97890,0
GSM97891,0
GSM158798,-1
GSM158799,-1
GSM158790,-1
GSM158791,-1
GSM158792,-1
GSM158793,-1
GSM158794,-1
GSM158795,-1
GSM158796,-1
GSM158797,-1
GSM624846,-1
GSM140953,-1
GSM624848,-1
GSM624849,-1
GSM60588,-1
GSM386248,-1
GSM386247,-1
GSM386246,-1
GSM386242,-1
GSM386240,-1
GSM388425,-1
GSM388424,-1
GSM388427,-1
GSM388426,-1
GSM388429,-1
GSM388428,-1
GSM93941,-1
GSM726201,-1
GSM372567,-1
GSM387194,-1
GSM387195,-1
GSM387196,-1
GSM387190,-1
GSM387191,-1
GSM387192,-1
GSM387193,-1
GSM387198,-1
GSM387199,-1
GSM466183,-1
GSM276209,-1
GSM466187,-1
GSM466186,-1
GSM466185,-1
GSM466184,-1
GSM646764,-1
GSM646763,-1
GSM646762,-1
GSM726203,-1
GSM407213,-1
GSM187198,0
GSM187199,0
GSM187192,0
GSM187193,0
GSM187190,0
GSM187191,0
GSM187196,0
GSM187197,0
GSM187194,0
GSM187195,0
GSM400785,-1
GSM400784,-1
GSM400787,-1
GSM400786,-1
GSM400781,-1
GSM400780,-1
GSM400783,-1
GSM400782,-1
GSM400789,-1
GSM400788,-1
GSM272276,-1
GSM272277,-1
GSM272274,-1
GSM272275,-1
GSM272272,-1
GSM272273,-1
GSM272270,-1
GSM272271,-1
GSM272278,-1
GSM272279,-1
GSM446130,-1
GSM446131,-1
GSM446132,-1
GSM446133,-1
GSM446134,-1
GSM446135,-1
GSM446136,-1
GSM446137,-1
GSM446138,-1
GSM446139,-1
GSM342706,-1
GSM342705,-1
GSM342701,-1
GSM407209,-1
GSM407208,-1
GSM407201,-1
GSM407200,-1
GSM407203,-1
GSM407202,-1
GSM407205,-1
GSM407204,-1
GSM407207,-1
GSM407206,-1
GSM401128,-1
GSM401129,-1
GSM401122,-1
GSM401123,-1
GSM401120,-1
GSM401121,-1
GSM401126,-1
GSM401127,-1
GSM401124,-1
GSM401125,-1
GSM350347,-1
GSM350346,-1
GSM261100,-1
GSM261101,-1
GSM261102,-1
GSM261103,-1
GSM261104,-1
GSM261105,-1
GSM261106,-1
GSM261107,-1
GSM261108,-1
GSM261109,-1
GSM475718,-1
GSM109792,-1
GSM109793,-1
GSM109790,-1
GSM109791,-1
GSM109794,-1
GSM109795,-1
GSM674846,-1
GSM674845,-1
GSM674843,-1
GSM674842,-1
GSM674841,-1
GSM674840,-1
GSM388088,-1
GSM25854,-1
GSM25853,-1
GSM25852,-1
GSM25851,-1
GSM25850,-1
GSM648611,-1
GSM648610,-1
GSM648613,-1
GSM648612,-1
GSM648615,-1
GSM648614,-1
GSM648617,-1
GSM648616,-1
GSM648619,-1
GSM648618,-1
GSM306786,-1
GSM306787,-1
GSM306784,-1
GSM306785,-1
GSM306782,-1
GSM306783,-1
GSM306780,-1
GSM253678,-1
GSM253677,-1
GSM253676,-1
GSM253675,-1
GSM253674,-1
GSM300178,-1
GSM300173,-1
GSM300172,-1
GSM300171,-1
GSM300170,-1
GSM300177,-1
GSM300174,-1
GSM452153,-1
GSM452152,-1
GSM452151,-1
GSM280934,-1
GSM280935,-1
GSM280930,-1
GSM280931,-1
GSM280932,-1
GSM280933,-1
GSM452157,-1
GSM452156,-1
GSM261175,-1
GSM452155,-1
GSM381258,-1
GSM452154,-1
GSM261179,-1
GSM381254,-1
GSM297881,-1
GSM575702,-1
GSM553484,-1
GSM475723,-1
GSM612266,-1
GSM612263,-1
GSM612269,-1
GSM612268,-1
GSM452191,-1
GSM466994,-1
GSM466995,-1
GSM466996,-1
GSM466997,-1
GSM466992,-1
GSM466993,-1
GSM159054,-1
GSM159055,-1
GSM159056,-1
GSM159057,-1
GSM159050,-1
GSM159051,-1
GSM159052,-1
GSM159053,-1
GSM159058,-1
GSM159059,-1
GSM440235,-1
GSM440234,-1
GSM306198,-1
GSM249908,-1
GSM249909,-1
GSM249906,-1
GSM249907,-1
GSM249904,-1
GSM249905,-1
GSM249900,-1
GSM249901,-1
GSM538947,-1
GSM538946,-1
GSM538945,-1
GSM538944,-1
GSM538943,-1
GSM538942,-1
GSM538941,-1
GSM538940,-1
GSM276012,-1
GSM276013,-1
GSM276010,-1
GSM276011,-1
GSM276016,-1
GSM276017,-1
GSM276014,-1
GSM276015,-1
GSM276018,-1
GSM276019,-1
GSM306238,-1
GSM306239,-1
GSM306236,-1
GSM306237,-1
GSM306234,-1
GSM306235,-1
GSM306232,-1
GSM306233,-1
GSM306230,-1
GSM306231,-1
GSM190964,-1
GSM60590,-1
GSM60593,-1
GSM172428,-1
GSM172429,-1
GSM172426,-1
GSM172427,-1
GSM172424,-1
GSM172425,-1
GSM172422,-1
GSM172423,-1
GSM172420,-1
GSM172421,-1
GSM197197,-1
GSM197196,-1
GSM197195,-1
GSM197194,-1
GSM197193,-1
GSM197192,-1
GSM197191,-1
GSM197190,-1
GSM197199,-1
GSM197198,-1
GSM306183,-1
GSM60594,-1
GSM194080,-1
GSM194081,-1
GSM194082,-1
GSM194083,-1
GSM194084,-1
GSM194085,-1
GSM194086,-1
GSM194087,-1
GSM194088,-1
GSM194089,-1
GSM60597,-1
GSM318091,-1
GSM318090,-1
GSM318093,-1
GSM318092,-1
GSM318095,-1
GSM318097,-1
GSM318096,-1
GSM318099,-1
GSM318098,-1
GSM475699,-1
GSM475693,-1
GSM475690,-1
GSM475697,-1
GSM475695,-1
GSM426509,-1
GSM426508,-1
GSM426507,-1
GSM426506,-1
GSM281041,-1
GSM281040,-1
GSM468354,-1
GSM468355,-1
GSM468356,-1
GSM468357,-1
GSM468350,-1
GSM468351,-1
GSM468352,-1
GSM468353,-1
GSM468358,-1
GSM468359,-1
GSM201281,-1
GSM201280,-1
GSM201283,-1
GSM201282,-1
GSM201285,-1
GSM201284,-1
GSM201287,-1
GSM201286,-1
GSM201289,-1
GSM201288,-1
GSM371759,-1
GSM371758,-1
GSM491268,-1
GSM280871,-1
GSM280870,-1
GSM280875,-1
GSM280874,-1
GSM280877,-1
GSM280876,-1
GSM280879,-1
GSM280878,-1
GSM410771,-1
GSM388076,-1
GSM388077,-1
GSM410770,-1
GSM388078,-1
GSM388079,-1
GSM281837,-1
GSM449203,-1
GSM281838,-1
GSM281839,-1
GSM418128,-1
GSM418129,-1
GSM418126,-1
GSM418127,-1
GSM534462,-1
GSM422299,-1
GSM422298,-1
GSM662655,-1
GSM662654,-1
GSM662657,-1
GSM662651,-1
GSM662650,-1
GSM494607,-1
GSM494606,-1
GSM337500,-1
GSM337501,-1
GSM337502,-1
GSM337503,-1
GSM337504,-1
GSM337505,-1
GSM337506,-1
GSM337507,-1
GSM337508,-1
GSM337509,-1
GSM523868,-1
GSM523869,-1
GSM523860,-1
GSM523861,-1
GSM523862,-1
GSM523863,-1
GSM523864,-1
GSM523865,-1
GSM523866,-1
GSM523867,-1
GSM361358,-1
GSM361359,-1
GSM361352,-1
GSM361353,-1
GSM361350,-1
GSM361351,-1
GSM361356,-1
GSM361357,-1
GSM361354,-1
GSM361355,-1
GSM491239,-1
GSM491238,-1
GSM491233,-1
GSM491232,-1
GSM491231,-1
GSM491230,-1
GSM491237,-1
GSM491236,-1
GSM491235,-1
GSM491234,-1
GSM494049,-1
GSM494043,-1
GSM494042,-1
GSM494041,-1
GSM494040,-1
GSM494047,-1
GSM494046,-1
GSM494045,-1
GSM494044,-1
GSM231679,-1
GSM231678,-1
GSM231677,-1
GSM231676,-1
GSM231675,-1
GSM231674,-1
GSM231673,0
GSM231672,0
GSM231671,0
GSM231670,0
GSM159151,-1
GSM159150,-1
GSM159153,-1
GSM159152,-1
GSM159155,-1
GSM159154,-1
GSM159157,-1
GSM159156,-1
GSM159159,-1
GSM159158,-1
GSM262138,-1
GSM262139,-1
GSM262130,-1
GSM262131,-1
GSM262132,-1
GSM262133,-1
GSM262134,-1
GSM262135,-1
GSM262136,-1
GSM262137,-1
GSM287319,-1
GSM287318,-1
GSM287310,-1
GSM287312,-1
GSM287315,-1
GSM729051,-1
GSM729050,-1
GSM402059,-1
GSM402058,-1
GSM387200,-1
GSM387202,-1
GSM387203,-1
GSM387204,-1
GSM387205,-1
GSM387206,-1
GSM387207,-1
GSM387208,-1
GSM387209,-1
GSM431138,-1
GSM431139,-1
GSM431136,-1
GSM431137,-1
GSM431132,-1
GSM431133,-1
GSM431130,-1
GSM431131,-1
GSM483384,-1
GSM483385,-1
GSM483386,-1
GSM483387,-1
GSM483380,-1
GSM483381,-1
GSM483382,-1
GSM483383,-1
GSM483388,-1
GSM483482,-1
GSM310429,-1
GSM239440,-1
GSM239441,-1
GSM239442,-1
GSM239443,-1
GSM239444,-1
GSM239445,-1
GSM531609,-1
GSM531608,-1
GSM531606,-1
GSM449184,-1
GSM449185,-1
GSM449186,-1
GSM449187,-1
GSM449180,-1
GSM449181,-1
GSM449182,-1
GSM449183,-1
GSM449188,-1
GSM449189,-1
GSM368506,-1
GSM97816,0
GSM97817,0
GSM97814,0
GSM97815,0
GSM97812,0
GSM97813,0
GSM97810,0
GSM97811,0
GSM97818,0
GSM97819,0
GSM201850,-1
GSM201851,-1
GSM201852,-1
GSM201853,-1
GSM201854,-1
GSM201855,-1
GSM201856,-1
GSM201857,-1
GSM262107,-1
GSM262106,-1
GSM359522,-1
GSM359523,-1
GSM359521,-1
GSM359526,-1
GSM359527,-1
GSM359524,-1
GSM359525,-1
GSM359528,-1
GSM359529,-1
GSM429399,-1
GSM429398,-1
GSM429393,-1
GSM429392,-1
GSM429391,-1
GSM429390,-1
GSM429397,-1
GSM429396,-1
GSM429395,-1
GSM429394,-1
GSM477790,-1
GSM477791,-1
GSM477792,-1
GSM477793,-1
GSM477794,-1
GSM477795,-1
GSM477796,-1
GSM477797,-1
GSM477798,-1
GSM477799,-1
GSM674000,-1
GSM494209,-1
GSM494208,-1
GSM494205,-1
GSM494204,-1
GSM494207,-1
GSM494206,-1
GSM494201,-1
GSM494200,-1
GSM494202,-1
GSM275991,-1
GSM251928,-1
GSM461024,-1
GSM461027,-1
GSM461021,-1
GSM461020,-1
GSM461023,-1
GSM461022,-1
GSM461029,-1
GSM461028,-1
GSM490147,-1
GSM462644,-1
GSM462645,-1
GSM462646,-1
GSM462647,-1
GSM462643,-1
GSM462648,-1
GSM462649,-1
GSM317737,-1
GSM317736,-1
GSM336579,-1
GSM336573,-1
GSM336576,-1
GSM336577,-1
GSM336574,-1
GSM336575,-1
GSM132778,0
GSM132779,0
GSM132772,0
GSM132773,0
GSM132770,0
GSM132771,0
GSM132776,0
GSM132777,0
GSM132774,0
GSM132775,0
GSM143900,-1
GSM143907,-1
GSM273012,-1
GSM525325,-1
GSM525324,-1
GSM525327,-1
GSM525326,-1
GSM525321,-1
GSM525320,-1
GSM525323,-1
GSM525322,-1
GSM525329,-1
GSM525328,-1
GSM400709,-1
GSM400708,-1
GSM400705,-1
GSM400704,-1
GSM400707,-1
GSM400706,-1
GSM400701,-1
GSM400700,-1
GSM400703,-1
GSM400702,-1
GSM407281,-1
GSM407280,-1
GSM407283,-1
GSM407282,-1
GSM407285,-1
GSM407284,-1
GSM407287,-1
GSM407286,-1
GSM407289,-1
GSM407288,-1
GSM261188,-1
GSM261189,-1
GSM261180,-1
GSM261181,-1
GSM261182,-1
GSM261183,-1
GSM261184,-1
GSM261185,-1
GSM261186,-1
GSM261187,-1
GSM381228,-1
GSM381229,-1
GSM381224,-1
GSM381225,-1
GSM381226,-1
GSM381227,-1
GSM381220,-1
GSM381221,-1
GSM381222,-1
GSM381223,-1
GSM472166,-1
GSM472167,-1
GSM472161,-1
GSM472162,-1
GSM472163,-1
GSM472168,-1
GSM472169,-1
GSM372247,-1
GSM372248,-1
GSM372249,-1
GSM516683,-1
GSM433019,-1
GSM433018,-1
GSM433017,-1
GSM433016,-1
GSM433015,-1
GSM433014,-1
GSM433013,-1
GSM433012,-1
GSM433011,-1
GSM433010,-1
GSM125013,-1
GSM125012,-1
GSM125019,-1
GSM263038,-1
GSM125018,-1
GSM263032,-1
GSM263033,-1
GSM263030,-1
GSM263031,-1
GSM263036,-1
GSM263037,-1
GSM263034,-1
GSM263035,-1
GSM465960,-1
GSM465961,-1
GSM300289,-1
GSM300280,-1
GSM300285,-1
GSM300286,-1
GSM538961,-1
GSM538960,-1
GSM538963,-1
GSM538962,-1
GSM538965,-1
GSM538964,-1
GSM538967,-1
GSM538966,-1
GSM97844,0
GSM306893,-1
GSM449221,-1
GSM449220,-1
GSM449223,-1
GSM449222,-1
GSM449225,-1
GSM449224,-1
GSM449227,-1
GSM449226,-1
GSM449229,-1
GSM449228,-1
GSM569479,-1
GSM569478,-1
GSM569471,-1
GSM569473,-1
GSM569472,-1
GSM569475,-1
GSM569474,-1
GSM569477,-1
GSM569476,-1
GSM572660,-1
GSM572661,-1
GSM572662,-1
GSM559594,-1
GSM280224,-1
GSM531628,-1
GSM280220,-1
GSM280223,-1
GSM531621,-1
GSM531620,-1
GSM531623,-1
GSM531622,-1
GSM531625,-1
GSM531624,-1
GSM531627,-1
GSM531626,-1
GSM559598,-1
GSM624932,-1
GSM624933,-1
GSM624930,-1
GSM624931,-1
GSM624936,-1
GSM624937,-1
GSM624934,-1
GSM624935,-1
GSM624938,-1
GSM624939,-1
GSM508889,-1
GSM508888,-1
GSM508883,-1
GSM508885,-1
GSM508884,-1
GSM508887,-1
GSM508886,-1
GSM726219,-1
GSM465241,-1
GSM465240,-1
GSM465243,-1
GSM465242,-1
GSM516709,-1
GSM516708,-1
GSM516700,-1
GSM516704,-1
GSM516707,-1
GSM516706,-1
GSM251114,-1
GSM251111,-1
GSM95519,-1
GSM95518,-1
GSM95513,-1
GSM95512,-1
GSM95515,-1
GSM95514,-1
GSM95517,-1
GSM95516,-1
GSM550879,-1
GSM550878,-1
GSM550871,-1
GSM550870,-1
GSM550873,-1
GSM550872,-1
GSM550875,-1
GSM550874,-1
GSM550877,-1
GSM550876,-1
GSM446075,-1
GSM446074,-1
GSM446077,-1
GSM446076,-1
GSM446071,-1
GSM446070,-1
GSM446073,-1
GSM446072,-1
GSM446079,-1
GSM446078,-1
GSM662769,-1
GSM662768,-1
GSM662761,-1
GSM662760,-1
GSM662763,-1
GSM662762,-1
GSM662765,-1
GSM662764,-1
GSM662767,-1
GSM662766,-1
GSM249775,-1
GSM249774,-1
GSM249777,-1
GSM249776,-1
GSM249770,-1
GSM249773,-1
GSM249779,-1
GSM249778,-1
GSM260684,-1
GSM260685,-1
GSM260686,-1
GSM260680,-1
GSM260681,-1
GSM260682,-1
GSM260683,-1
GSM447674,-1
GSM447675,-1
GSM447676,-1
GSM447677,-1
GSM447670,-1
GSM447671,-1
GSM447672,-1
GSM447673,-1
GSM447678,-1
GSM447679,-1
GSM352862,-1
GSM352863,-1
GSM352860,-1
GSM352861,-1
GSM352866,-1
GSM352867,-1
GSM352864,-1
GSM352865,-1
GSM352868,-1
GSM352869,-1
GSM261225,-1
GSM261224,-1
GSM261227,-1
GSM261226,-1
GSM261221,-1
GSM261220,-1
GSM261223,-1
GSM261222,-1
GSM261229,-1
GSM261228,-1
GSM351343,-1
GSM578953,-1
GSM646795,-1
GSM646792,-1
GSM646793,-1
GSM646790,-1
GSM646791,-1
GSM85518,-1
GSM85519,-1
GSM85510,-1
GSM85512,-1
GSM85513,-1
GSM85514,-1
GSM85515,-1
GSM85516,-1
GSM559047,-1
GSM559046,-1
GSM559045,-1
GSM559044,-1
GSM559043,-1
GSM559042,-1
GSM559049,-1
GSM559048,-1
GSM97848,0
GSM306895,-1
GSM575641,-1
GSM575640,-1
GSM320607,-1
GSM320606,-1
GSM320605,-1
GSM320604,-1
GSM320603,-1
GSM320602,-1
GSM320601,-1
GSM320600,-1
GSM272135,-1
GSM272134,-1
GSM272137,-1
GSM272136,-1
GSM272133,-1
GSM320608,-1
GSM575649,-1
GSM578958,-1
GSM578959,-1
GSM483345,-1
GSM287393,-1
GSM287395,-1
GSM287394,-1
GSM287397,-1
GSM287396,-1
GSM287399,-1
GSM287398,-1
GSM494599,-1
GSM494591,-1
GSM494590,-1
GSM494593,-1
GSM494592,-1
GSM494595,-1
GSM494597,-1
GSM494596,-1
GSM388602,-1
GSM95496,-1
GSM95497,-1
GSM95490,-1
GSM95491,-1
GSM95492,-1
GSM95493,-1
GSM494629,-1
GSM494628,-1
GSM494627,-1
GSM494625,-1
GSM494624,-1
GSM494623,-1
GSM494622,-1
GSM494621,-1
GSM261294,-1
GSM261295,-1
GSM261296,-1
GSM261297,-1
GSM261290,-1
GSM261291,-1
GSM261292,-1
GSM261293,-1
GSM387288,-1
GSM387289,-1
GSM387280,-1
GSM387281,-1
GSM387282,-1
GSM387283,-1
GSM387284,-1
GSM387285,-1
GSM387286,-1
GSM387287,-1
GSM529753,-1
GSM529754,-1
GSM529755,-1
GSM529756,-1
GSM483472,-1
GSM483473,-1
GSM483470,-1
GSM483471,-1
GSM483476,-1
GSM483477,-1
GSM483474,-1
GSM483475,-1
GSM483478,-1
GSM483479,-1
GSM721020,-1
GSM721021,-1
GSM249782,-1
GSM447731,-1
GSM447730,-1
GSM447733,-1
GSM447732,-1
GSM447735,-1
GSM447734,-1
GSM447737,-1
GSM447736,-1
GSM447739,-1
GSM447738,-1
GSM213466,-1
GSM213464,-1
GSM213465,-1
GSM342632,-1
GSM342630,-1
GSM342631,-1
GSM342636,-1
GSM342637,-1
GSM726249,-1
GSM726248,-1
GSM342638,-1
GSM368589,-1
GSM368580,-1
GSM368582,-1
GSM368584,-1
GSM368586,-1
GSM726175,-1
GSM404954,0
GSM404950,0
GSM404951,0
GSM404952,0
GSM404953,0
GSM472050,-1
GSM472051,-1
GSM472053,-1
GSM472054,-1
GSM472055,-1
GSM472057,-1
GSM472058,-1
GSM400689,-1
GSM528865,-1
GSM469548,-1
GSM528864,-1
GSM469549,-1
GSM528867,-1
GSM124575,-1
GSM298962,-1
GSM298961,-1
GSM298967,-1
GSM298964,-1
GSM281259,-1
GSM217778,-1
GSM217779,-1
GSM217776,-1
GSM217777,-1
GSM543330,-1
GSM543331,-1
GSM276027,-1
GSM273014,-1
GSM647568,-1
GSM647569,-1
GSM647562,-1
GSM647563,-1
GSM647560,-1
GSM647566,-1
GSM407302,-1
GSM647564,-1
GSM647565,-1
GSM407303,-1
GSM407308,-1
GSM407309,-1
GSM251635,-1
GSM251637,-1
GSM251636,-1
GSM251630,-1
GSM251633,-1
GSM251639,-1
GSM251638,-1
GSM306809,-1
GSM281442,-1
GSM439808,0
GSM439809,0
GSM439802,0
GSM439803,0
GSM439800,0
GSM439806,0
GSM439804,0
GSM439805,0
GSM326150,-1
GSM407173,-1
GSM407172,-1
GSM407171,-1
GSM407170,-1
GSM407177,-1
GSM407176,-1
GSM407175,-1
GSM407174,-1
GSM407179,-1
GSM407178,-1
GSM350256,-1
GSM350253,-1
GSM350252,-1
GSM494128,-1
GSM494129,-1
GSM494124,-1
GSM494125,-1
GSM494126,-1
GSM494127,-1
GSM494120,-1
GSM494121,-1
GSM494122,-1
GSM494123,-1
GSM158729,-1
GSM158728,-1
GSM158721,-1
GSM158720,-1
GSM158723,-1
GSM158722,-1
GSM158725,-1
GSM158724,-1
GSM158727,-1
GSM158726,-1
GSM343837,-1
GSM343836,-1
GSM343835,-1
GSM343834,-1
GSM371424,-1
GSM343839,-1
GSM343838,-1
GSM387092,-1
GSM387095,-1
GSM387096,-1
GSM572813,-1
GSM572812,-1
GSM572811,-1
GSM572810,-1
GSM262079,-1
GSM262078,-1
GSM572815,-1
GSM572814,-1
GSM262075,-1
GSM262074,-1
GSM262077,-1
GSM347647,-1
GSM262071,-1
GSM262070,-1
GSM262073,-1
GSM262072,-1
GSM287459,-1
GSM287452,-1
GSM287453,-1
GSM287450,-1
GSM287451,-1
GSM287456,-1
GSM287457,-1
GSM287454,-1
GSM287455,-1
GSM318114,-1
GSM318115,-1
GSM318116,-1
GSM318117,-1
GSM318110,-1
GSM318111,-1
GSM318112,-1
GSM318113,-1
GSM318118,-1
GSM318119,-1
GSM249832,-1
GSM249833,-1
GSM249830,-1
GSM249836,-1
GSM249837,-1
GSM249835,-1
GSM249838,-1
GSM249839,-1
GSM262102,-1
GSM654669,-1
GSM654668,-1
GSM654665,-1
GSM654664,-1
GSM654667,-1
GSM654666,-1
GSM654661,-1
GSM654660,-1
GSM654663,-1
GSM654662,-1
GSM342878,-1
GSM494250,-1
GSM494256,-1
GSM494257,-1
GSM387125,-1
GSM387124,-1
GSM387127,-1
GSM387126,-1
GSM387121,-1
GSM387120,-1
GSM387123,-1
GSM387122,-1
GSM387129,-1
GSM387128,-1
GSM119618,-1
GSM119619,-1
GSM119616,-1
GSM119617,-1
GSM119615,-1
GSM350323,-1
GSM350322,-1
GSM350321,-1
GSM350320,-1
GSM350327,-1
GSM350326,-1
GSM350325,-1
GSM350324,-1
GSM350329,-1
GSM350328,-1
GSM300205,-1
GSM300204,-1
GSM257772,-1
GSM18430,-1
GSM18433,-1
GSM18432,-1
GSM18435,-1
GSM18434,-1
GSM257774,-1
GSM257775,-1
GSM190878,-1
GSM190877,-1
GSM190876,-1
GSM352772,-1
GSM352773,-1
GSM352770,-1
GSM352771,-1
GSM352776,-1
GSM352777,-1
GSM352774,-1
GSM352775,-1
GSM352778,-1
GSM352779,-1
GSM320250,-1
GSM320251,-1
GSM320252,-1
GSM320253,-1
GSM258074,-1
GSM258076,-1
GSM197188,-1
GSM197189,-1
GSM258071,-1
GSM197182,-1
GSM726177,-1
GSM197183,-1
GSM516780,-1
GSM516783,-1
GSM516782,-1
GSM516784,-1
GSM516787,-1
GSM516786,-1
GSM516789,-1
GSM280985,-1
GSM280984,-1
GSM280981,-1
GSM280980,-1
GSM280983,-1
GSM280982,-1
GSM612262,-1
GSM134914,-1
GSM465950,-1
GSM134916,-1
GSM465952,-1
GSM465956,-1
GSM465959,-1
GSM465958,-1
GSM411196,-1
GSM450663,-1
GSM450667,-1
GSM450666,-1
GSM450665,-1
GSM450664,-1
GSM450669,-1
GSM450668,-1
GSM358259,-1
GSM358258,-1
GSM464388,-1
GSM464383,-1
GSM464382,-1
GSM464381,-1
GSM464380,-1
GSM464387,-1
GSM464386,-1
GSM464385,-1
GSM464384,-1
GSM400190,-1
GSM400191,-1
GSM710977,-1
GSM726172,-1
GSM459864,-1
GSM459862,-1
GSM459863,-1
GSM459860,-1
GSM350288,-1
GSM350289,-1
GSM350284,-1
GSM350285,-1
GSM350286,-1
GSM350287,-1
GSM350280,-1
GSM350282,-1
GSM350283,-1
GSM407150,-1
GSM125118,-1
GSM125119,-1
GSM125116,-1
GSM125117,-1
GSM125114,-1
GSM125115,-1
GSM125112,-1
GSM125113,-1
GSM125110,-1
GSM125111,-1
GSM253930,-1
GSM253931,-1
GSM253932,-1
GSM253933,-1
GSM253934,-1
GSM124646,-1
GSM124648,-1
GSM397659,0
GSM397652,0
GSM397653,0
GSM397650,0
GSM397651,0
GSM397654,0
GSM397655,0
GSM312859,-1
GSM312858,-1
GSM312853,-1
GSM312851,-1
GSM312857,-1
GSM312856,-1
GSM312854,-1
GSM700587,-1
GSM700589,-1
GSM158958,-1
GSM158959,-1
GSM158956,-1
GSM158957,-1
GSM158954,-1
GSM158955,-1
GSM158952,-1
GSM158953,-1
GSM158950,-1
GSM158951,-1
GSM364654,-1
GSM364655,-1
GSM364656,-1
GSM364650,-1
GSM364651,-1
GSM364652,-1
GSM364653,-1
GSM550900,-1
GSM523345,-1
GSM523349,-1
GSM523348,-1
GSM286891,-1
GSM286890,-1
GSM286892,-1
GSM493985,-1
GSM202197,-1
GSM493989,-1
GSM493988,-1
GSM410768,-1
GSM410762,-1
GSM410763,-1
GSM410760,-1
GSM410761,-1
GSM410766,-1
GSM410764,-1
GSM410765,-1
GSM553647,-1
GSM553646,-1
GSM553645,-1
GSM553644,-1
GSM553643,-1
GSM553642,-1
GSM553641,-1
GSM553640,-1
GSM553649,-1
GSM553648,-1
GSM662688,-1
GSM662682,-1
GSM662683,-1
GSM662680,-1
GSM662681,-1
GSM662686,-1
GSM662687,-1
GSM662684,-1
GSM662685,-1
GSM432139,-1
GSM525372,-1
GSM525373,-1
GSM525370,-1
GSM318424,-1
GSM318425,-1
GSM318426,-1
GSM318427,-1
GSM318420,-1
GSM318421,-1
GSM318422,-1
GSM318423,-1
GSM318428,-1
GSM318429,-1
GSM401059,-1
GSM124863,-1
GSM262188,-1
GSM262183,-1
GSM262182,-1
GSM262185,-1
GSM262184,-1
GSM262187,-1
GSM262186,-1
GSM726069,-1
GSM229931,-1
GSM229930,-1
GSM229932,-1
GSM125099,-1
GSM125098,-1
GSM125093,-1
GSM125092,-1
GSM125091,-1
GSM125090,-1
GSM125097,-1
GSM125096,-1
GSM125095,-1
GSM125094,-1
GSM415391,-1
GSM349857,-1
GSM349856,-1
GSM340536,-1
GSM340535,-1
GSM340534,-1
GSM340533,-1
GSM340532,-1
GSM340531,-1
GSM340530,-1
GSM483335,-1
GSM483334,-1
GSM483337,-1
GSM483336,-1
GSM483331,-1
GSM483330,-1
GSM483333,-1
GSM483332,-1
GSM483339,-1
GSM483338,-1
GSM445928,-1
GSM445929,-1
GSM445922,-1
GSM445923,-1
GSM445926,-1
GSM445927,-1
GSM445924,-1
GSM445925,-1
GSM85483,-1
GSM407254,-1
GSM702225,-1
GSM407255,-1
GSM85484,-1
GSM702224,-1
GSM85485,-1
GSM702227,-1
GSM407253,-1
GSM702226,-1
GSM702223,-1
GSM358020,-1
GSM358021,-1
GSM465189,-1
GSM574059,-1
GSM574058,-1
GSM272764,-1
GSM272765,-1
GSM272766,-1
GSM272767,-1
GSM272760,-1
GSM272761,-1
GSM272762,-1
GSM272763,-1
GSM272768,-1
GSM272769,-1
GSM281191,-1
GSM281190,-1
GSM281193,-1
GSM281192,-1
GSM281195,-1
GSM281194,-1
GSM281197,-1
GSM281196,-1
GSM281199,-1
GSM281198,-1
GSM387147,-1
GSM387143,-1
GSM387142,-1
GSM387141,-1
GSM387140,-1
GSM119677,-1
GSM381217,-1
GSM381216,-1
GSM85499,-1
GSM85498,-1
GSM85495,-1
GSM85494,-1
GSM85497,-1
GSM85496,-1
GSM381219,-1
GSM381218,-1
GSM272209,-1
GSM272208,-1
GSM272207,-1
GSM272206,-1
GSM272205,-1
GSM272204,-1
GSM272203,-1
GSM272202,-1
GSM272201,-1
GSM272200,-1
GSM446109,-1
GSM446108,-1
GSM446101,-1
GSM446100,-1
GSM446103,-1
GSM446102,-1
GSM446105,-1
GSM446104,-1
GSM446107,-1
GSM446106,-1
GSM472151,-1
GSM472150,-1
GSM342777,-1
GSM342776,-1
GSM342775,-1
GSM342771,-1
GSM257997,-1
GSM257995,-1
GSM261139,-1
GSM261138,-1
GSM261131,-1
GSM261130,-1
GSM261133,-1
GSM261132,-1
GSM261135,-1
GSM261134,-1
GSM261137,-1
GSM261136,-1
GSM475767,-1
GSM475766,-1
GSM342747,-1
GSM281352,-1
GSM281351,-1
GSM281357,-1
GSM281356,-1
GSM281354,-1
GSM281359,-1
GSM25828,-1
GSM25829,-1
GSM25826,-1
GSM25827,-1
GSM25825,-1
GSM25822,-1
GSM25823,-1
GSM25820,-1
GSM25821,-1
GSM280909,-1
GSM280908,-1
GSM280901,-1
GSM280900,-1
GSM280903,-1
GSM280902,-1
GSM252006,-1
GSM252005,-1
GSM252004,-1
GSM252003,-1
GSM252002,-1
GSM252001,-1
GSM252000,-1
GSM101689,0
GSM119377,-1
GSM648665,-1
GSM119379,-1
GSM119378,-1
GSM281652,-1
GSM281653,-1
GSM281650,-1
GSM281651,-1
GSM281656,-1
GSM281657,-1
GSM281654,-1
GSM281655,-1
GSM456349,-1
GSM159069,-1
GSM159068,-1
GSM159065,-1
GSM159064,-1
GSM159067,-1
GSM159066,-1
GSM159061,-1
GSM159060,-1
GSM159063,-1
GSM159062,-1
GSM249977,-1
GSM249976,-1
GSM249975,-1
GSM249974,-1
GSM249973,-1
GSM249972,-1
GSM249971,-1
GSM249978,-1
GSM386245,-1
GSM181002,-1
GSM181000,-1
GSM181001,-1
GSM386244,-1
GSM155194,-1
GSM155196,-1
GSM648668,-1
GSM648669,-1
GSM97842,0
GSM350204,-1
GSM350205,-1
GSM350206,-1
GSM350207,-1
GSM350200,-1
GSM350201,-1
GSM350202,-1
GSM350203,-1
GSM350208,-1
GSM350209,-1
GSM300320,-1
GSM300321,-1
GSM300324,-1
GSM300325,-1
GSM300328,-1
GSM300329,-1
GSM231693,0
GSM77362,-1
GSM77363,-1
GSM77366,-1
GSM77367,-1
GSM77364,-1
GSM77365,-1
GSM77368,-1
GSM77369,-1
GSM306247,-1
GSM306246,-1
GSM306245,-1
GSM306244,-1
GSM306243,-1
GSM306242,-1
GSM306241,-1
GSM306240,-1
GSM475752,-1
GSM452183,-1
GSM213512,-1
GSM213511,-1
GSM172459,-1
GSM318044,-1
GSM318856,-1
GSM97960,0
GSM97961,0
GSM97966,0
GSM97964,0
GSM97968,0
GSM97969,0
GSM468369,-1
GSM468368,-1
GSM468365,-1
GSM468364,-1
GSM468367,-1
GSM468366,-1
GSM468361,-1
GSM468360,-1
GSM468363,-1
GSM468362,-1
GSM371780,-1
GSM201256,-1
GSM201257,-1
GSM201254,-1
GSM201255,-1
GSM201252,-1
GSM201253,-1
GSM201250,-1
GSM201251,-1
GSM201258,-1
GSM201259,-1
GSM647600,-1
GSM647609,-1
GSM647608,-1
GSM646767,-1
GSM646766,-1
GSM466189,-1
GSM466188,-1
GSM646761,-1
GSM646760,-1
GSM553638,-1
GSM553639,-1
GSM518604,-1
GSM518602,-1
GSM518603,-1
GSM388089,-1
GSM388083,-1
GSM388082,-1
GSM388081,-1
GSM388080,-1
GSM388087,-1
GSM388086,-1
GSM388085,-1
GSM388084,-1
GSM281849,-1
GSM281848,-1
GSM281847,-1
GSM281846,-1
GSM281845,-1
GSM281844,-1
GSM281843,-1
GSM281842,-1
GSM281841,-1
GSM281840,-1
GSM159140,-1
GSM202225,-1
GSM531642,-1
GSM159146,-1
GSM531641,-1
GSM159147,-1
GSM531640,-1
GSM159144,-1
GSM531647,-1
GSM159145,-1
GSM531646,-1
GSM523851,-1
GSM523850,-1
GSM523853,-1
GSM523852,-1
GSM523855,-1
GSM523854,-1
GSM523857,-1
GSM523856,-1
GSM523859,-1
GSM523858,-1
GSM337539,-1
GSM337538,-1
GSM337531,-1
GSM337530,-1
GSM337533,-1
GSM337532,-1
GSM337535,-1
GSM337534,-1
GSM337537,-1
GSM337536,-1
GSM491260,-1
GSM491261,-1
GSM491262,-1
GSM491263,-1
GSM491264,-1
GSM491265,-1
GSM491266,-1
GSM491267,-1
GSM491269,-1
GSM466981,-1
GSM466980,-1
GSM494010,-1
GSM494011,-1
GSM494012,-1
GSM494013,-1
GSM494014,-1
GSM494015,-1
GSM494016,-1
GSM494017,-1
GSM494018,-1
GSM494019,-1
GSM262142,-1
GSM262101,-1
GSM262100,-1
GSM262103,-1
GSM387239,-1
GSM387238,-1
GSM125011,-1
GSM125010,-1
GSM125017,-1
GSM125016,-1
GSM125015,-1
GSM125014,-1
GSM387231,-1
GSM387230,-1
GSM387233,-1
GSM387232,-1
GSM387235,-1
GSM387234,-1
GSM387237,-1
GSM387236,-1
GSM572657,-1
GSM431147,-1
GSM431146,-1
GSM431145,-1
GSM431144,-1
GSM431143,-1
GSM431142,-1
GSM431141,-1
GSM431140,-1
GSM431149,-1
GSM431148,-1
GSM642846,-1
GSM642847,-1
GSM642848,-1
GSM642849,-1
GSM443834,-1
GSM443832,-1
GSM443833,-1
GSM550818,-1
GSM161958,-1
GSM161959,-1
GSM161952,-1
GSM161953,-1
GSM161950,-1
GSM161951,-1
GSM161956,-1
GSM161957,-1
GSM161954,-1
GSM161955,-1
GSM201861,-1
GSM201862,-1
GSM461889,-1
GSM461888,-1
GSM158853,-1
GSM158852,-1
GSM158851,-1
GSM158850,-1
GSM158857,-1
GSM158856,-1
GSM158855,-1
GSM158854,-1
GSM158859,-1
GSM158858,-1
GSM624955,-1
GSM306808,-1
GSM281441,-1
GSM281440,-1
GSM306801,-1
GSM306800,-1
GSM306803,-1
GSM306802,-1
GSM306805,-1
GSM306804,-1
GSM306807,-1
GSM306806,-1
GSM103563,-1
GSM103560,-1
GSM103565,-1
GSM103564,-1
GSM217787,-1
GSM217786,-1
GSM217785,-1
GSM217784,-1
GSM217783,-1
GSM217782,-1
GSM217781,-1
GSM217780,-1
GSM494252,-1
GSM494253,-1
GSM429434,-1
GSM494251,-1
GSM429432,-1
GSM429433,-1
GSM494254,-1
GSM429431,-1
GSM494258,-1
GSM494259,-1
GSM624042,-1
GSM624043,-1
GSM624040,-1
GSM624041,-1
GSM624044,-1
GSM624045,-1
GSM471977,-1
GSM471974,-1
GSM471975,-1
GSM471972,-1
GSM471973,-1
GSM155729,-1
GSM461078,-1
GSM461079,-1
GSM461073,-1
GSM461070,-1
GSM461076,-1
GSM461077,-1
GSM461074,-1
GSM461075,-1
GSM523262,-1
GSM523263,-1
GSM523260,-1
GSM523261,-1
GSM523266,-1
GSM523267,-1
GSM523264,-1
GSM523265,-1
GSM523268,-1
GSM523269,-1
GSM575676,-1
GSM550917,-1
GSM496123,-1
GSM496120,-1
GSM496126,-1
GSM496124,-1
GSM496125,-1
GSM575677,-1
GSM575674,-1
GSM550905,-1
GSM550904,-1
GSM550907,-1
GSM550906,-1
GSM550901,-1
GSM550903,-1
GSM550902,-1
GSM550909,-1
GSM550908,-1
GSM575673,-1
GSM272287,-1
GSM272286,-1
GSM272285,-1
GSM272284,-1
GSM272283,-1
GSM272282,-1
GSM272281,-1
GSM272280,-1
GSM272289,-1
GSM272288,-1
GSM550911,-1
GSM553458,-1
GSM553459,-1
GSM553456,-1
GSM553457,-1
GSM553454,-1
GSM553455,-1
GSM553452,-1
GSM553453,-1
GSM553450,-1
GSM553451,-1
GSM575671,-1
GSM525371,-1
GSM525374,-1
GSM525375,-1
GSM525360,-1
GSM400752,-1
GSM400753,-1
GSM400750,-1
GSM400751,-1
GSM400756,-1
GSM400757,-1
GSM400754,-1
GSM400755,-1
GSM400758,-1
GSM400759,-1
GSM472083,-1
GSM472082,-1
GSM407256,-1
GSM407252,-1
GSM407250,-1
GSM407251,-1
GSM538969,-1
GSM407258,-1
GSM407259,-1
GSM538968,-1
GSM662665,-1
GSM381215,-1
GSM381214,-1
GSM401159,-1
GSM401158,-1
GSM381211,-1
GSM381210,-1
GSM381213,-1
GSM381212,-1
GSM401153,-1
GSM401152,-1
GSM401151,-1
GSM401150,-1
GSM401157,-1
GSM401156,-1
GSM401155,-1
GSM401154,-1
GSM472159,-1
GSM472158,-1
GSM472155,-1
GSM472154,-1
GSM472157,-1
GSM472156,-1
GSM472153,-1
GSM472152,-1
GSM535541,-1
GSM535542,-1
GSM535543,-1
GSM119375,-1
GSM119374,-1
GSM119376,-1
GSM119371,-1
GSM119370,-1
GSM119373,-1
GSM119372,-1
GSM648648,-1
GSM648649,-1
GSM648646,-1
GSM648647,-1
GSM648644,-1
GSM648645,-1
GSM648642,-1
GSM648643,-1
GSM648640,-1
GSM648641,-1
GSM306777,-1
GSM306776,-1
GSM306775,-1
GSM306779,-1
GSM306778,-1
GSM432152,-1
GSM647605,-1
GSM647604,-1
GSM647603,-1
GSM647602,-1
GSM647601,-1
GSM432158,-1
GSM93943,-1
GSM93944,-1
GSM93946,-1
GSM93948,-1
GSM427810,-1
GSM107853,0
GSM107852,0
GSM107851,0
GSM107857,0
GSM107856,0
GSM107855,0
GSM107854,0
GSM107859,0
GSM107858,0
GSM572659,-1
GSM572658,-1
GSM423012,-1
GSM423013,-1
GSM423011,-1
GSM423016,-1
GSM423017,-1
GSM423014,-1
GSM423015,-1
GSM423018,-1
GSM423019,-1
GSM280217,-1
GSM280213,-1
GSM97794,0
GSM320593,-1
GSM320592,-1
GSM320591,-1
GSM320590,-1
GSM320597,-1
GSM320596,-1
GSM320595,-1
GSM320594,-1
GSM320599,-1
GSM320598,-1
GSM428954,-1
GSM428955,-1
GSM428952,-1
GSM428953,-1
GSM428950,-1
GSM428951,-1
GSM668110,-1
GSM668111,-1
GSM668112,-1
GSM668113,-1
GSM432990,-1
GSM95520,-1
GSM95521,-1
GSM95522,-1
GSM95523,-1
GSM95524,-1
GSM95525,-1
GSM466219,-1
GSM466218,-1
GSM466217,-1
GSM466216,-1
GSM466215,-1
GSM466214,-1
GSM466213,-1
GSM466212,-1
GSM466211,-1
GSM466210,-1
GSM596842,0
GSM596845,0
GSM276063,-1
GSM276062,-1
GSM276061,-1
GSM276060,-1
GSM276067,-1
GSM276066,-1
GSM276065,-1
GSM276064,-1
GSM276069,-1
GSM276068,-1
GSM272980,-1
GSM446028,-1
GSM446029,-1
GSM446022,-1
GSM446023,-1
GSM446020,-1
GSM446021,-1
GSM446026,-1
GSM446027,-1
GSM446024,-1
GSM446025,-1
GSM249728,-1
GSM249729,-1
GSM249722,-1
GSM249723,-1
GSM249720,-1
GSM249721,-1
GSM249726,-1
GSM249727,-1
GSM249724,-1
GSM249725,-1
GSM377354,-1
GSM447649,-1
GSM447648,-1
GSM447645,-1
GSM447644,-1
GSM447647,-1
GSM447646,-1
GSM447641,-1
GSM447640,-1
GSM447643,-1
GSM447642,-1
GSM503880,-1
GSM503881,-1
GSM503882,-1
GSM503883,-1
GSM261272,-1
GSM261273,-1
GSM261270,-1
GSM261271,-1
GSM261276,-1
GSM261274,-1
GSM261275,-1
GSM439785,0
GSM439784,0
GSM439787,0
GSM439786,0
GSM439781,0
GSM439780,0
GSM439783,0
GSM439782,0
GSM439789,0
GSM439788,0
GSM550812,-1
GSM401076,-1
GSM281016,-1
GSM281017,-1
GSM281012,-1
GSM281013,-1
GSM483302,-1
GSM483303,-1
GSM726220,-1
GSM726227,-1
GSM721014,-1
GSM596848,0
GSM726226,-1
GSM491005,-1
GSM502612,-1
GSM502613,-1
GSM502616,-1
GSM502617,-1
GSM502614,-1
GSM502615,-1
GSM502618,-1
GSM502619,-1
GSM721017,-1
GSM446095,-1
GSM252168,-1
GSM252169,-1
GSM446094,-1
GSM252165,-1
GSM252166,-1
GSM252167,-1
GSM336379,-1
GSM97796,0
GSM257668,-1
GSM257669,-1
GSM257664,-1
GSM257665,-1
GSM257666,-1
GSM257667,-1
GSM350187,-1
GSM350186,-1
GSM452168,-1
GSM452169,-1
GSM452166,-1
GSM452167,-1
GSM452164,-1
GSM452165,-1
GSM452162,-1
GSM452163,-1
GSM452160,-1
GSM452161,-1
GSM272162,-1
GSM272163,-1
GSM272160,-1
GSM272161,-1
GSM272166,-1
GSM272167,-1
GSM272164,-1
GSM272165,-1
GSM272168,-1
GSM272169,-1
GSM361329,-1
GSM361328,-1
GSM361323,-1
GSM361322,-1
GSM361321,-1
GSM361327,-1
GSM361326,-1
GSM361325,-1
GSM361324,-1
GSM159108,-1
GSM159109,-1
GSM159106,-1
GSM159107,-1
GSM159104,-1
GSM159105,-1
GSM159102,-1
GSM159103,-1
GSM159100,-1
GSM159101,-1
GSM578963,-1
GSM578962,-1
GSM494090,-1
GSM494091,-1
GSM494092,-1
GSM494093,-1
GSM494094,-1
GSM494095,-1
GSM287346,-1
GSM287347,-1
GSM287344,-1
GSM287345,-1
GSM287342,-1
GSM287343,-1
GSM287340,-1
GSM287341,-1
GSM287348,-1
GSM287349,-1
GSM231628,-1
GSM231629,-1
GSM231624,-1
GSM231625,-1
GSM231626,-1
GSM231627,-1
GSM231620,-1
GSM231621,-1
GSM231622,-1
GSM231623,-1
GSM651851,-1
GSM651850,-1
GSM651853,-1
GSM651852,-1
GSM651855,-1
GSM651854,-1
GSM651857,-1
GSM651856,-1
GSM651859,-1
GSM651858,-1
GSM648702,-1
GSM648704,-1
GSM461083,-1
GSM461082,-1
GSM461089,-1
GSM230289,-1
GSM230288,-1
GSM230287,-1
GSM230286,-1
GSM253727,-1
GSM529761,-1
GSM529763,-1
GSM529762,-1
GSM529764,-1
GSM483489,-1
GSM483488,-1
GSM483483,-1
GSM483481,-1
GSM483480,-1
GSM483487,-1
GSM483486,-1
GSM483485,-1
GSM721019,-1
GSM721018,-1
GSM97808,0
GSM251101,-1
GSM251105,-1
GSM262220,-1
GSM262221,-1
GSM363586,-1
GSM359553,-1
GSM359552,-1
GSM359551,-1
GSM359550,-1
GSM359557,-1
GSM359556,-1
GSM359555,-1
GSM359554,-1
GSM359559,-1
GSM359558,-1
GSM306881,-1
GSM306880,-1
GSM306883,-1
GSM306882,-1
GSM306884,-1
GSM306887,-1
GSM306886,-1
GSM306889,-1
GSM306888,-1
GSM472069,-1
GSM97847,0
GSM97846,0
GSM97841,0
GSM97840,0
GSM575678,-1
GSM472061,-1
GSM472062,-1
GSM472065,-1
GSM472067,-1
GSM350176,-1
GSM350177,-1
GSM350174,-1
GSM350175,-1
GSM350172,-1
GSM350173,-1
GSM350170,-1
GSM350171,-1
GSM350178,-1
GSM350179,-1
GSM545657,-1
GSM545659,-1
GSM545658,-1
GSM469551,-1
GSM469550,-1
GSM469552,-1
GSM475811,-1
GSM421928,-1
GSM421929,-1
GSM421924,-1
GSM421925,-1
GSM421926,-1
GSM421927,-1
GSM421920,-1
GSM421921,-1
GSM421922,-1
GSM421923,-1
GSM259097,-1
GSM187163,0
GSM187162,0
GSM187161,0
GSM187160,0
GSM187167,0
GSM187166,0
GSM187165,0
GSM187164,0
GSM187169,0
GSM187168,0
GSM299106,-1
GSM299105,-1
GSM299104,-1
GSM299103,-1
GSM299102,-1
GSM299101,-1
GSM299100,-1
GSM322285,-1
GSM322284,-1
GSM322281,-1
GSM322280,-1
GSM322283,-1
GSM322282,-1
GSM407128,-1
GSM407129,-1
GSM234856,-1
GSM407120,-1
GSM407121,-1
GSM407122,-1
GSM407123,-1
GSM407124,-1
GSM407125,-1
GSM407126,-1
GSM407127,-1
GSM373962,-1
GSM373963,-1
GSM373961,-1
GSM373964,-1
GSM373965,-1
GSM141558,-1
GSM141559,-1
GSM141554,-1
GSM141555,-1
GSM141556,-1
GSM141557,-1
GSM141550,-1
GSM141551,-1
GSM141552,-1
GSM141553,-1
GSM494115,-1
GSM494114,-1
GSM494117,-1
GSM494116,-1
GSM494111,-1
GSM494110,-1
GSM494113,-1
GSM494112,-1
GSM494119,-1
GSM158828,-1
GSM97892,0
GSM347676,-1
GSM347670,-1
GSM347673,-1
GSM347679,-1
GSM347678,-1
GSM318128,-1
GSM318125,-1
GSM318124,-1
GSM318127,-1
GSM318126,-1
GSM318121,-1
GSM318120,-1
GSM318123,-1
GSM318122,-1
GSM342847,-1
GSM342846,-1
GSM342841,-1
GSM342842,-1
GSM387178,-1
GSM263048,-1
GSM387172,-1
GSM387173,-1
GSM387170,-1
GSM387171,-1
GSM387176,-1
GSM387177,-1
GSM387174,-1
GSM387175,-1
GSM119665,0
GSM119664,0
GSM119663,0
GSM119662,0
GSM119661,0
GSM119660,0
GSM187208,0
GSM187209,0
GSM187202,0
GSM187203,0
GSM187200,0
GSM187201,0
GSM187206,0
GSM187207,0
GSM187204,0
GSM187205,0
GSM538936,-1
GSM538937,-1
GSM395788,-1
GSM395789,-1
GSM538932,-1
GSM720977,-1
GSM720976,-1
GSM395782,-1
GSM395783,-1
GSM395780,-1
GSM395781,-1
GSM395786,-1
GSM395787,-1
GSM395784,-1
GSM395785,-1
GSM151995,-1
GSM151994,-1
GSM151997,-1
GSM151996,-1
GSM151991,-1
GSM151990,-1
GSM151993,-1
GSM151992,-1
GSM151999,-1
GSM151998,-1
GSM449278,-1
GSM449279,-1
GSM449276,-1
GSM449277,-1
GSM449274,-1
GSM449275,-1
GSM449272,-1
GSM449273,-1
GSM449270,-1
GSM449271,-1
GSM352789,-1
GSM352788,-1
GSM352783,-1
GSM352782,-1
GSM352781,-1
GSM352780,-1
GSM352787,-1
GSM352786,-1
GSM352785,-1
GSM352784,-1
GSM531676,-1
GSM531677,-1
GSM531674,-1
GSM531675,-1
GSM531672,-1
GSM531673,-1
GSM531678,-1
GSM531679,-1
GSM306928,-1
GSM306922,-1
GSM306923,-1
GSM306920,-1
GSM306921,-1
GSM306926,-1
GSM306927,-1
GSM306924,-1
GSM306925,-1
GSM107534,-1
GSM107536,-1
GSM107537,-1
GSM107530,-1
GSM107531,-1
GSM107532,-1
GSM107533,-1
GSM107538,-1
GSM624949,-1
GSM465218,-1
GSM465219,-1
GSM465216,-1
GSM465217,-1
GSM465214,-1
GSM465215,-1
GSM465212,-1
GSM465213,-1
GSM465210,-1
GSM465211,-1
GSM261278,-1
GSM261279,-1
GSM516750,-1
GSM419163,-1
GSM516758,-1
GSM419162,-1
GSM419161,-1
GSM419160,-1
GSM674001,-1
GSM261277,-1
GSM134924,-1
GSM134920,-1
GSM259424,-1
GSM259425,-1
GSM259427,-1
GSM259422,-1
GSM550826,-1
GSM550827,-1
GSM550824,-1
GSM550825,-1
GSM550822,-1
GSM550823,-1
GSM550820,-1
GSM550821,-1
GSM550828,-1
GSM550829,-1
GSM693831,-1
GSM693833,-1
GSM693832,-1
GSM693835,-1
GSM693834,-1
GSM693837,-1
GSM693836,-1
GSM693839,-1
GSM693838,-1
GSM494830,-1
GSM494831,-1
GSM494836,-1
GSM494837,-1
GSM494834,-1
GSM494835,-1
GSM514669,-1
GSM320225,-1
GSM257811,-1
GSM320224,-1
GSM320227,-1
GSM320226,-1
GSM352813,-1
GSM352812,-1
GSM352811,-1
GSM352810,-1
GSM352817,-1
GSM352816,-1
GSM352815,-1
GSM352814,-1
GSM352819,-1
GSM352818,-1
GSM132748,0
GSM306797,-1
GSM726223,-1
GSM258571,-1
GSM258570,-1
GSM258573,-1
GSM258572,-1
GSM258575,-1
GSM258574,-1
GSM258577,-1
GSM258576,-1
GSM258579,-1
GSM258578,-1
GSM158927,-1
GSM158926,-1
GSM158925,-1
GSM158924,-1
GSM158923,-1
GSM158922,-1
GSM158921,-1
GSM158920,-1
GSM158929,-1
GSM158928,-1
GSM491196,-1
GSM491197,-1
GSM491194,-1
GSM491195,-1
GSM491192,-1
GSM491193,-1
GSM491190,-1
GSM491191,-1
GSM491198,-1
GSM491199,-1
GSM387197,-1
GSM287471,-1
GSM140250,-1
GSM140251,-1
GSM140252,-1
GSM140253,-1
GSM140254,-1
GSM140255,-1
GSM140256,-1
GSM140257,-1
GSM410801,-1
GSM410800,-1
GSM494674,-1
GSM494675,-1
GSM494670,-1
GSM494671,-1
GSM494672,-1
GSM494673,-1
GSM277785,-1
GSM413572,-1
GSM413573,-1
GSM413574,-1
GSM159406,-1
GSM159405,-1
GSM493958,-1
GSM493959,-1
GSM488002,0
GSM488003,0
GSM488000,0
GSM488001,0
GSM488006,0
GSM488007,0
GSM488004,0
GSM488005,0
GSM488008,0
GSM488009,0
GSM494609,-1
GSM490987,-1
GSM483403,-1
GSM483402,-1
GSM483401,-1
GSM483400,-1
GSM483407,-1
GSM483406,-1
GSM483405,-1
GSM483404,-1
GSM483409,-1
GSM483408,-1
GSM490988,-1
GSM490989,-1
GSM654641,-1
GSM654640,-1
GSM654649,-1
GSM654648,-1
GSM342642,-1
GSM342641,-1
GSM342647,-1
GSM726216,-1
GSM342648,-1
GSM726212,-1
GSM726210,-1
GSM432160,-1
GSM432161,-1
GSM432162,-1
GSM318419,-1
GSM318418,-1
GSM318415,-1
GSM318414,-1
GSM318417,-1
GSM318416,-1
GSM318411,-1
GSM318410,-1
GSM318413,-1
GSM318412,-1
GSM530668,-1
GSM530669,-1
GSM281085,-1
GSM97858,0
GSM97859,0
GSM388109,-1
GSM388105,-1
GSM253710,-1
GSM253711,-1
GSM253712,-1
GSM253713,-1
GSM253714,-1
GSM253715,-1
GSM253716,-1
GSM253717,-1
GSM253718,-1
GSM253719,-1
GSM483362,-1
GSM483363,-1
GSM483360,-1
GSM483361,-1
GSM483364,-1
GSM483365,-1
GSM447249,-1
GSM447248,-1
GSM447241,-1
GSM447240,-1
GSM447243,-1
GSM447242,-1
GSM447245,-1
GSM447244,-1
GSM447247,-1
GSM447246,-1
GSM132780,0
GSM449168,-1
GSM449169,-1
GSM449162,-1
GSM449163,-1
GSM449160,-1
GSM449161,-1
GSM449166,-1
GSM449167,-1
GSM449164,-1
GSM449165,-1
GSM358018,-1
GSM358015,-1
GSM358017,-1
GSM358016,-1
GSM531664,-1
GSM258057,-1
GSM258054,-1
GSM452200,-1
GSM258052,-1
GSM258058,-1
GSM258059,-1
GSM272759,-1
GSM272758,-1
GSM531661,-1
GSM272755,-1
GSM272754,-1
GSM272757,-1
GSM272756,-1
GSM244480,-1
GSM244481,-1
GSM244482,-1
GSM244483,-1
GSM244484,-1
GSM244485,-1
GSM244486,-1
GSM244487,-1
GSM244488,-1
GSM244489,-1
GSM158880,-1
GSM158881,-1
GSM158882,-1
GSM158883,-1
GSM158884,-1
GSM158885,-1
GSM158886,-1
GSM158887,-1
GSM158888,-1
GSM158889,-1
GSM624851,-1
GSM624850,-1
GSM158776,-1
GSM158777,-1
GSM158774,-1
GSM158775,-1
GSM158772,-1
GSM158773,-1
GSM158770,-1
GSM158771,-1
GSM158778,-1
GSM158779,-1
GSM158933,-1
GSM494199,-1
GSM494198,-1
GSM494195,-1
GSM494194,-1
GSM494197,-1
GSM494196,-1
GSM494191,-1
GSM494190,-1
GSM494193,-1
GSM494192,-1
GSM287423,-1
GSM287422,-1
GSM287427,-1
GSM287426,-1
GSM287425,-1
GSM287424,-1
GSM249842,-1
GSM249841,-1
GSM249840,-1
GSM249847,-1
GSM249846,-1
GSM249845,-1
GSM249844,-1
GSM249849,-1
GSM249848,-1
GSM97795,0
GSM455116,-1
GSM455117,-1
GSM455115,-1
GSM388151,-1
GSM388150,-1
GSM388153,-1
GSM388152,-1
GSM97797,0
GSM297853,-1
GSM297852,-1
GSM297857,-1
GSM297856,-1
GSM297855,-1
GSM297854,-1
GSM297859,-1
GSM297858,-1
GSM249882,-1
GSM249881,-1
GSM249880,-1
GSM372815,-1
GSM372814,-1
GSM372817,-1
GSM372816,-1
GSM372811,-1
GSM372810,-1
GSM372813,-1
GSM372812,-1
GSM372818,-1
GSM386225,-1
GSM386227,-1
GSM386226,-1
GSM386229,-1
GSM386228,-1
GSM646753,-1
GSM575656,-1
GSM226336,-1
GSM226337,-1
GSM226334,-1
GSM226335,-1
GSM226338,-1
GSM300258,-1
GSM300255,-1
GSM300252,-1
GSM239732,-1
GSM239730,-1
GSM239731,-1
GSM306158,-1
GSM18480,-1
GSM18481,-1
GSM18482,-1
GSM18483,-1
GSM18484,-1
GSM18485,-1
GSM18486,-1
GSM18487,-1
GSM534463,-1
GSM523270,-1
GSM648664,-1
GSM326346,-1
GSM326347,-1
GSM326348,-1
GSM326349,-1
GSM146164,-1
GSM146165,-1
GSM146166,-1
GSM146167,-1
GSM146160,-1
GSM146161,-1
GSM146162,-1
GSM146163,-1
GSM146168,-1
GSM146169,-1
GSM281308,-1
GSM281309,-1
GSM281300,-1
GSM281301,-1
GSM281302,-1
GSM281303,-1
GSM281304,-1
GSM281305,-1
GSM281306,-1
GSM281307,-1
GSM351342,-1
GSM351340,-1
GSM351341,-1
GSM351344,-1
GSM18452,-1
GSM280950,-1
GSM280951,-1
GSM280956,-1
GSM280958,-1
GSM280959,-1
GSM674844,-1
GSM465908,-1
GSM465909,-1
GSM465907,-1
GSM379872,0
GSM379873,0
GSM379870,0
GSM379871,0
GSM379874,0
GSM95473,-1
GSM475716,-1
GSM492478,-1
GSM475714,-1
GSM475711,-1
GSM538935,-1
GSM553637,-1
GSM173689,-1
GSM173688,-1
GSM173687,-1
GSM173686,-1
GSM159032,-1
GSM159033,-1
GSM159030,-1
GSM159031,-1
GSM159036,-1
GSM159037,-1
GSM159034,-1
GSM159035,-1
GSM159038,-1
GSM159039,-1
GSM440240,-1
GSM440241,-1
GSM440242,-1
GSM440243,-1
GSM440244,-1
GSM440245,-1
GSM538971,-1
GSM609386,-1
GSM609387,-1
GSM609389,-1
GSM270793,-1
GSM270792,-1
GSM270791,-1
GSM270790,-1
GSM270797,-1
GSM270796,-1
GSM270795,-1
GSM270794,-1
GSM270799,-1
GSM270798,-1
GSM553635,-1
GSM656438,-1
GSM656439,-1
GSM350239,-1
GSM350238,-1
GSM350235,-1
GSM350234,-1
GSM350237,-1
GSM350236,-1
GSM350231,-1
GSM350230,-1
GSM350233,-1
GSM350232,-1
GSM272935,-1
GSM272934,-1
GSM272937,-1
GSM272936,-1
GSM272931,-1
GSM272930,-1
GSM272933,-1
GSM272932,-1
GSM272939,-1
GSM272938,-1
GSM397629,0
GSM397628,0
GSM397627,0
GSM397626,0
GSM553633,-1
GSM312887,-1
GSM531682,-1
GSM553630,-1
GSM447698,-1
GSM447699,-1
GSM447692,-1
GSM447693,-1
GSM447690,-1
GSM447691,-1
GSM447696,-1
GSM447697,-1
GSM447694,-1
GSM447695,-1
GSM197175,-1
GSM197174,-1
GSM197177,-1
GSM197176,-1
GSM197173,-1
GSM197179,-1
GSM197178,-1
GSM251211,-1
GSM251210,-1
GSM306197,-1
GSM306196,-1
GSM306195,-1
GSM306194,-1
GSM306193,-1
GSM306192,-1
GSM475786,-1
GSM306191,-1
GSM306190,-1
GSM494098,-1
GSM494099,-1
GSM578961,-1
GSM578960,-1
GSM494096,-1
GSM494097,-1
GSM97939,0
GSM97938,0
GSM97931,0
GSM97930,0
GSM97933,0
GSM97932,0
GSM97935,0
GSM97934,0
GSM97937,0
GSM97936,0
GSM422995,-1
GSM422997,-1
GSM422991,-1
GSM468338,-1
GSM491277,-1
GSM491276,-1
GSM253679,-1
GSM306781,-1
GSM253673,-1
GSM253672,-1
GSM253671,-1
GSM253670,-1
GSM523318,-1
GSM523319,-1
GSM523316,-1
GSM523317,-1
GSM523314,-1
GSM523315,-1
GSM523312,-1
GSM523313,-1
GSM523310,-1
GSM523311,-1
GSM250939,-1
GSM250938,-1
GSM250931,-1
GSM250933,-1
GSM250932,-1
GSM250935,-1
GSM250934,-1
GSM250937,-1
GSM250936,-1
GSM553614,-1
GSM553615,-1
GSM553616,-1
GSM553617,-1
GSM553610,-1
GSM553611,-1
GSM452735,-1
GSM452734,-1
GSM489354,-1
GSM491259,-1
GSM491258,-1
GSM491251,-1
GSM491250,-1
GSM491253,-1
GSM491252,-1
GSM491255,-1
GSM491254,-1
GSM491257,-1
GSM491256,-1
GSM320230,-1
GSM180999,-1
GSM180998,-1
GSM452199,-1
GSM452198,-1
GSM180993,-1
GSM180992,-1
GSM180991,-1
GSM452194,-1
GSM180997,-1
GSM180996,-1
GSM180995,-1
GSM180994,-1
GSM494029,-1
GSM494028,-1
GSM494021,-1
GSM494020,-1
GSM494023,-1
GSM494022,-1
GSM494025,-1
GSM494024,-1
GSM494027,-1
GSM494026,-1
GSM261332,-1
GSM261331,-1
GSM261330,-1
GSM124838,-1
GSM124836,-1
GSM124834,-1
GSM124833,-1
GSM347700,-1
GSM230258,-1
GSM230259,-1
GSM230253,-1
GSM230251,-1
GSM230256,-1
GSM230257,-1
GSM230254,-1
GSM230255,-1
GSM125048,-1
GSM125049,-1
GSM125040,-1
GSM125041,-1
GSM125042,-1
GSM125043,-1
GSM125044,-1
GSM125045,-1
GSM125046,-1
GSM125047,-1
GSM74891,-1
GSM74890,-1
GSM74893,-1
GSM74892,-1
GSM647593,-1
GSM647592,-1
GSM647591,-1
GSM647590,-1
GSM647596,-1
GSM647595,-1
GSM647594,-1
GSM647599,-1
GSM647598,-1
GSM445959,-1
GSM445958,-1
GSM445953,-1
GSM445952,-1
GSM310440,-1
GSM445950,-1
GSM445957,-1
GSM445956,-1
GSM531632,-1
GSM531633,-1
GSM531630,-1
GSM531631,-1
GSM531634,-1
GSM290425,-1
GSM290424,-1
GSM290423,-1
GSM290422,-1
GSM290421,-1
GSM290420,-1
GSM158808,-1
GSM158809,-1
GSM158800,-1
GSM158801,-1
GSM158802,-1
GSM158803,-1
GSM158804,-1
GSM158805,-1
GSM158806,-1
GSM158807,-1
GSM575689,-1
GSM575688,-1
GSM575686,-1
GSM575685,-1
GSM575683,-1
GSM575682,-1
GSM575681,-1
GSM281418,-1
GSM281419,-1
GSM281410,-1
GSM281411,-1
GSM281412,-1
GSM281413,-1
GSM281414,-1
GSM281415,-1
GSM281416,-1
GSM281417,-1
GSM578888,-1
GSM578889,-1
GSM578886,-1
GSM578887,-1
GSM726222,-1
GSM726221,-1
GSM726225,-1
GSM726224,-1
GSM523299,-1
GSM523298,-1
GSM523293,-1
GSM523290,-1
GSM523297,-1
GSM523296,-1
GSM523295,-1
GSM467018,-1
GSM467019,-1
GSM467012,-1
GSM467013,-1
GSM467010,-1
GSM467011,-1
GSM467016,-1
GSM467017,-1
GSM467014,-1
GSM467015,-1
GSM508898,-1
GSM508892,-1
GSM508893,-1
GSM272258,-1
GSM272259,-1
GSM272254,-1
GSM272255,-1
GSM272256,-1
GSM272257,-1
GSM272250,-1
GSM272251,-1
GSM272252,-1
GSM272253,-1
GSM446156,-1
GSM446154,-1
GSM446152,-1
GSM446153,-1
GSM446150,-1
GSM446151,-1
GSM342721,-1
GSM342722,-1
GSM342723,-1
GSM342728,-1
GSM342729,-1
GSM407199,-1
GSM407198,-1
GSM407191,-1
GSM407190,-1
GSM407193,-1
GSM407192,-1
GSM407195,-1
GSM407194,-1
GSM407197,-1
GSM407196,-1
GSM407229,-1
GSM407228,-1
GSM407224,-1
GSM401100,-1
GSM401101,-1
GSM401102,-1
GSM401103,-1
GSM401104,-1
GSM401105,-1
GSM401106,-1
GSM401107,-1
GSM401108,-1
GSM401109,-1
GSM662773,-1
GSM261166,-1
GSM261167,-1
GSM261164,-1
GSM381249,-1
GSM261162,-1
GSM261163,-1
GSM261160,-1
GSM261161,-1
GSM381242,-1
GSM381243,-1
GSM381240,-1
GSM381241,-1
GSM381246,-1
GSM381247,-1
GSM381244,-1
GSM261169,-1
GSM472102,-1
GSM472100,-1
GSM472106,-1
GSM472108,-1
GSM472109,-1
GSM475738,-1
GSM333449,-1
GSM333448,-1
GSM333441,-1
GSM333445,-1
GSM333444,-1
GSM648637,-1
GSM648636,-1
GSM648635,-1
GSM648634,-1
GSM648633,-1
GSM648632,-1
GSM648631,-1
GSM648630,-1
GSM648639,-1
GSM648638,-1
GSM300190,-1
GSM300193,-1
GSM300192,-1
GSM300197,-1
GSM300196,-1
GSM483484,-1
GSM476781,-1
GSM187222,0
GSM645717,-1
GSM645716,-1
GSM645715,-1
GSM645714,-1
GSM645713,-1
GSM645712,-1
GSM645711,-1
GSM645710,-1
GSM645719,-1
GSM645718,-1
GSM187224,0
GSM187225,0
GSM449289,-1
GSM449288,-1
GSM449287,-1
GSM449286,-1
GSM449285,-1
GSM449284,-1
GSM449283,-1
GSM449282,-1
GSM449281,-1
GSM449280,-1
GSM358286,-1
GSM358287,-1
GSM358281,-1
GSM358282,-1
GSM358288,-1
GSM358289,-1
GSM240028,-1
GSM240029,-1
GSM240022,-1
GSM240023,-1
GSM240026,-1
GSM240027,-1
GSM240024,-1
GSM240025,-1
GSM428929,-1
GSM428928,-1
GSM428927,-1
GSM428926,-1
GSM428924,-1
GSM466972,-1
GSM466973,-1
GSM466970,-1
GSM466971,-1
GSM466976,-1
GSM466977,-1
GSM466974,-1
GSM466975,-1
GSM466978,-1
GSM466979,-1
GSM249924,-1
GSM249925,-1
GSM249926,-1
GSM249927,-1
GSM249920,-1
GSM249922,-1
GSM249923,-1
GSM249928,-1
GSM249929,-1
GSM388616,-1
GSM388617,-1
GSM388614,-1
GSM388615,-1
GSM388612,-1
GSM388613,-1
GSM388618,-1
GSM538970,-1
GSM528872,-1
GSM528873,-1
GSM528870,-1
GSM528871,-1
GSM528876,-1
GSM528877,-1
GSM528874,-1
GSM528875,-1
GSM528878,-1
GSM528879,-1
GSM276038,-1
GSM276039,-1
GSM276030,-1
GSM276031,-1
GSM276032,-1
GSM276033,-1
GSM276034,-1
GSM276035,-1
GSM276036,-1
GSM276037,-1
GSM273007,-1
GSM273008,-1
GSM273009,-1
GSM450689,-1
GSM450688,-1
GSM450681,-1
GSM450680,-1
GSM450683,-1
GSM450682,-1
GSM450685,-1
GSM450684,-1
GSM450687,-1
GSM450686,-1
GSM306214,-1
GSM306215,-1
GSM340489,-1
GSM340488,-1
GSM306210,-1
GSM306213,-1
GSM306218,-1
GSM466998,-1
GSM466999,-1
GSM432147,-1
GSM466990,-1
GSM466991,-1
GSM400178,-1
GSM400179,-1
GSM400176,-1
GSM400174,-1
GSM400175,-1
GSM277802,-1
GSM277803,-1
GSM277800,-1
GSM277801,-1
GSM277804,-1
GSM277805,-1
GSM262222,-1
GSM447612,-1
GSM172405,-1
GSM172406,-1
GSM172407,-1
GSM447616,-1
GSM447617,-1
GSM447614,-1
GSM447615,-1
GSM447618,-1
GSM447619,-1
GSM172408,-1
GSM172409,-1
GSM647626,-1
GSM475671,-1
GSM475673,-1
GSM475675,-1
GSM475678,-1
GSM281025,-1
GSM281024,-1
GSM281023,-1
GSM281022,-1
GSM249902,-1
GSM249903,-1
GSM563253,-1
GSM563252,-1
GSM280857,-1
GSM280856,-1
GSM280855,-1
GSM280854,-1
GSM280851,-1
GSM280850,-1
GSM280859,-1
GSM280858,-1
GSM421899,-1
GSM336347,-1
GSM336348,-1
GSM410793,-1
GSM410792,-1
GSM410791,-1
GSM410790,-1
GSM410797,-1
GSM410796,-1
GSM410795,-1
GSM410794,-1
GSM410799,-1
GSM410798,-1
GSM662673,-1
GSM662671,-1
GSM662670,-1
GSM662677,-1
GSM662676,-1
GSM662675,-1
GSM662674,-1
GSM662679,-1
GSM662678,-1
GSM97845,0
GSM472068,-1
GSM97843,0
GSM407094,-1
GSM407095,-1
GSM272199,-1
GSM272198,-1
GSM407090,-1
GSM407091,-1
GSM407092,-1
GSM407093,-1
GSM272192,-1
GSM272191,-1
GSM272190,-1
GSM407098,-1
GSM272196,-1
GSM272195,-1
GSM272194,-1
GSM575675,-1
GSM575672,-1
GSM575670,-1
GSM361370,-1
GSM361371,-1
GSM361372,-1
GSM361373,-1
GSM361374,-1
GSM361375,-1
GSM361376,-1
GSM361377,-1
GSM361378,-1
GSM361379,-1
GSM275974,-1
GSM275975,-1
GSM275976,-1
GSM275977,-1
GSM275978,-1
GSM275979,-1
GSM231615,-1
GSM231614,-1
GSM202219,-1
GSM202218,-1
GSM231611,-1
GSM231610,-1
GSM231613,-1
GSM231612,-1
GSM202213,-1
GSM202212,-1
GSM202211,-1
GSM202210,-1
GSM202217,-1
GSM202216,-1
GSM202215,-1
GSM202214,-1
GSM159171,-1
GSM159170,-1
GSM483359,-1
GSM262158,-1
GSM262159,-1
GSM262156,-1
GSM262157,-1
GSM262154,-1
GSM262155,-1
GSM262152,-1
GSM262153,-1
GSM262150,-1
GSM262151,-1
GSM287339,-1
GSM287338,-1
GSM287337,-1
GSM287336,-1
GSM287335,-1
GSM287334,-1
GSM287332,-1
GSM287331,-1
GSM287330,-1
GSM651864,-1
GSM651866,-1
GSM651867,-1
GSM387266,-1
GSM387267,-1
GSM387264,-1
GSM387265,-1
GSM387262,-1
GSM387263,-1
GSM387260,-1
GSM387261,-1
GSM387268,-1
GSM387269,-1
GSM609388,-1
GSM239426,-1
GSM239427,-1
GSM239424,-1
GSM239425,-1
GSM239422,-1
GSM239423,-1
GSM239420,-1
GSM239421,-1
GSM446069,-1
GSM239428,-1
GSM239429,-1
GSM342693,-1
GSM342694,-1
GSM342695,-1
GSM342699,-1
GSM662771,-1
GSM662776,-1
GSM662777,-1
GSM662774,-1
GSM368566,-1
GSM368565,-1
GSM197236,-1
GSM197234,-1
GSM197235,-1
GSM197232,-1
GSM197233,-1
GSM197230,-1
GSM197231,-1
GSM425995,-1
GSM262219,-1
GSM262218,-1
GSM262211,-1
GSM262210,-1
GSM262213,-1
GSM262212,-1
GSM262215,-1
GSM262214,-1
GSM262217,-1
GSM262216,-1
GSM404938,0
GSM404939,0
GSM404936,0
GSM404937,0
GSM97878,0
GSM97879,0
GSM97874,0
GSM97875,0
GSM97876,0
GSM97877,0
GSM97870,0
GSM97871,0
GSM97872,0
GSM97873,0
GSM400697,-1
GSM400696,-1
GSM494223,-1
GSM494222,-1
GSM494221,-1
GSM494220,-1
GSM494227,-1
GSM494226,-1
GSM494225,-1
GSM494224,-1
GSM494229,-1
GSM494228,-1
GSM201300,-1
GSM201301,-1
GSM201302,-1
GSM201303,-1
GSM201304,-1
GSM243215,-1
GSM243216,-1
GSM243217,-1
GSM543328,-1
GSM498684,-1
GSM243218,-1
GSM243219,-1
GSM498683,-1
GSM498682,-1
GSM624039,-1
GSM624038,-1
GSM624036,-1
GSM624035,-1
GSM624034,-1
GSM251903,-1
GSM251902,-1
GSM251901,-1
GSM251900,-1
GSM251905,-1
GSM251904,-1
GSM421915,-1
GSM421914,-1
GSM421917,-1
GSM421916,-1
GSM421911,-1
GSM421910,-1
GSM421913,-1
GSM421912,-1
GSM421919,-1
GSM421918,-1
GSM132750,0
GSM132751,0
GSM132752,0
GSM132753,0
GSM132754,0
GSM230411,-1
GSM230412,-1
GSM230413,-1
GSM132759,0
GSM230418,-1
GSM230419,-1
GSM407241,-1
GSM141564,-1
GSM563251,-1
GSM141566,-1
GSM141561,-1
GSM141560,-1
GSM141563,-1
GSM141562,-1
GSM433790,-1
GSM433791,-1
GSM433792,-1
GSM433793,-1
GSM433794,-1
GSM433795,-1
GSM407111,-1
GSM400722,-1
GSM407113,-1
GSM407112,-1
GSM407115,-1
GSM400726,-1
GSM400725,-1
GSM400724,-1
GSM407119,-1
GSM407118,-1
GSM400729,-1
GSM400728,-1
GSM494148,-1
GSM494149,-1
GSM494142,-1
GSM494143,-1
GSM494140,-1
GSM494141,-1
GSM494146,-1
GSM494147,-1
GSM494144,-1
GSM494145,-1
GSM553636,-1
GSM508899,-1
GSM437499,-1
GSM437498,-1
GSM437497,-1
GSM435891,-1
GSM435890,-1
GSM435892,-1
GSM249890,-1
GSM249892,-1
GSM249893,-1
GSM249894,-1
GSM249895,-1
GSM249897,-1
GSM249898,-1
GSM249899,-1
GSM553632,-1
GSM342819,-1
GSM342812,-1
GSM342813,-1
GSM342811,-1
GSM342817,-1
GSM494245,-1
GSM350341,-1
GSM350340,-1
GSM350343,-1
GSM350342,-1
GSM350345,-1
GSM350344,-1
GSM553631,-1
GSM263012,-1
GSM263013,-1
GSM263014,-1
GSM263015,-1
GSM263016,-1
GSM263017,-1
GSM263018,-1
GSM263019,-1
GSM297880,-1
GSM297882,-1
GSM297883,-1
GSM297884,-1
GSM297885,-1
GSM297886,-1
GSM297887,-1
GSM297888,-1
GSM297889,-1
GSM119640,-1
GSM60539,-1
GSM60538,-1
GSM60537,-1
GSM60536,-1
GSM60535,-1
GSM253699,-1
GSM253698,-1
GSM538949,-1
GSM538948,-1
GSM253695,-1
GSM253694,-1
GSM253697,-1
GSM253696,-1
GSM253691,-1
GSM253690,-1
GSM253693,-1
GSM253692,-1
GSM306180,-1
GSM306182,-1
GSM306184,-1
GSM306185,-1
GSM306186,-1
GSM306187,-1
GSM306188,-1
GSM306189,-1
GSM449207,-1
GSM449206,-1
GSM449205,-1
GSM449204,-1
GSM449202,-1
GSM449201,-1
GSM449200,-1
GSM534460,-1
GSM534461,-1
GSM449209,-1
GSM449208,-1
GSM189448,-1
GSM189449,-1
GSM531607,-1
GSM189447,-1
GSM531605,-1
GSM531604,-1
GSM531603,-1
GSM531602,-1
GSM531601,-1
GSM531600,-1
GSM516727,-1
GSM516726,-1
GSM516725,-1
GSM516724,-1
GSM516723,-1
GSM559596,-1
GSM559591,-1
GSM559590,-1
GSM559593,-1
GSM158745,-1
GSM158744,-1
GSM559628,-1
GSM559623,-1
GSM559622,-1
GSM559620,-1
GSM559627,-1
GSM559626,-1
GSM559625,-1
GSM559624,-1
GSM259417,-1
GSM259410,-1
GSM523271,-1
GSM523273,-1
GSM523272,-1
GSM550859,-1
GSM550858,-1
GSM550857,-1
GSM550856,-1
GSM550855,-1
GSM550854,-1
GSM550853,-1
GSM550852,-1
GSM550851,-1
GSM550850,-1
GSM523277,-1
GSM523276,-1
GSM523279,-1
GSM523278,-1
GSM446059,-1
GSM446058,-1
GSM446053,-1
GSM446052,-1
GSM446051,-1
GSM446050,-1
GSM446057,-1
GSM446056,-1
GSM446055,-1
GSM446054,-1
GSM260662,-1
GSM260663,-1
GSM260660,-1
GSM260661,-1
GSM260666,-1
GSM260667,-1
GSM260664,-1
GSM260665,-1
GSM260668,-1
GSM260669,-1
GSM400688,-1
GSM407300,-1
GSM407301,-1
GSM249759,-1
GSM249758,-1
GSM407304,-1
GSM407305,-1
GSM407306,-1
GSM407307,-1
GSM249753,-1
GSM249752,-1
GSM249751,-1
GSM249750,-1
GSM249757,-1
GSM249756,-1
GSM249755,-1
GSM249754,-1
GSM494183,-1
GSM261209,-1
GSM261208,-1
GSM261203,-1
GSM261202,-1
GSM261201,-1
GSM261200,-1
GSM261207,-1
GSM261206,-1
GSM261205,-1
GSM261204,-1
GSM352848,-1
GSM352849,-1
GSM352840,-1
GSM352841,-1
GSM352842,-1
GSM352843,-1
GSM352844,-1
GSM352845,-1
GSM352846,-1
GSM352847,-1
GSM387576,-1
GSM387577,-1
GSM387574,-1
GSM387575,-1
GSM387572,-1
GSM387573,-1
GSM387570,-1
GSM387571,-1
GSM387578,-1
GSM387579,-1
GSM309048,-1
GSM309049,-1
GSM309041,-1
GSM309042,-1
GSM309043,-1
GSM309044,-1
GSM309045,-1
GSM309046,-1
GSM309047,-1
GSM338282,-1
GSM338283,-1
GSM338280,-1
GSM338281,-1
GSM338286,-1
GSM338287,-1
GSM338284,-1
GSM338285,-1
GSM338288,-1
GSM338289,-1
GSM234851,-1
GSM234852,-1
GSM234853,-1
GSM234854,-1
GSM234855,-1
GSM234857,-1
GSM272148,-1
GSM234858,-1
GSM234859,-1
GSM452280,-1
GSM272149,-1
GSM249854,-1
GSM249855,-1
GSM249851,-1
GSM249852,-1
GSM407220,-1
GSM272142,-1
GSM281894,-1
GSM281895,-1
GSM281896,-1
GSM281897,-1
GSM281890,-1
GSM281891,-1
GSM281892,-1
GSM281893,-1
GSM281898,-1
GSM281899,-1
GSM312839,-1
GSM516814,-1
GSM516811,-1
GSM516813,-1
GSM415394,-1
GSM415395,-1
GSM415396,-1
GSM415397,-1
GSM415392,-1
GSM415393,-1
GSM322278,-1
GSM322279,-1
GSM364638,-1
GSM364639,-1
GSM364632,-1
GSM364633,-1
GSM364630,-1
GSM364631,-1
GSM364636,-1
GSM364637,-1
GSM364634,-1
GSM364635,-1
GSM662658,-1
GSM447199,-1
GSM447198,-1
GSM494118,-1
GSM243720,-1
GSM243721,-1
GSM243722,-1
GSM243723,-1
GSM419159,-1
GSM231691,0
GSM231690,0
GSM231692,0
GSM494645,-1
GSM494644,-1
GSM494647,-1
GSM494646,-1
GSM494641,-1
GSM494640,-1
GSM494643,-1
GSM494642,-1
GSM494649,-1
GSM494648,-1
GSM318859,-1
GSM318855,-1
GSM318854,-1
GSM493965,-1
GSM493964,-1
GSM493967,-1
GSM493966,-1
GSM493961,-1
GSM493960,-1
GSM493963,-1
GSM493962,-1
GSM493969,-1
GSM493968,-1
GSM371757,-1
GSM371755,-1
GSM371754,-1
GSM483458,-1
GSM483459,-1
GSM483450,-1
GSM483451,-1
GSM483452,-1
GSM483453,-1
GSM483454,-1
GSM483455,-1
GSM483456,-1
GSM483457,-1
GSM447717,-1
GSM447716,-1
GSM447715,-1
GSM447714,-1
GSM447713,-1
GSM447712,-1
GSM447711,-1
GSM447710,-1
GSM447719,-1
GSM447718,-1
GSM342618,-1
GSM342619,-1
GSM342613,-1
GSM342614,-1
GSM726262,-1
GSM726261,-1
GSM726260,-1
GSM372806,-1
GSM230392,-1
GSM230391,-1
GSM432151,-1
GSM432150,-1
GSM432153,-1
GSM230390,-1
GSM432155,-1
GSM432154,-1
GSM432157,-1
GSM432156,-1
GSM432159,-1
GSM372802,-1
GSM230396,-1
GSM372800,-1
GSM230394,-1
GSM318440,-1
GSM318441,-1
GSM306788,-1
GSM306789,-1
GSM97900,0
GSM97902,0
GSM97903,0
GSM97905,0
GSM472036,-1
GSM472037,-1
GSM472034,-1
GSM472035,-1
GSM472032,-1
GSM472030,-1
GSM472031,-1
GSM472038,-1
GSM472039,-1
GSM559055,-1
GSM386233,-1
GSM281276,-1
GSM281277,-1
GSM386231,-1
GSM281278,-1
GSM281279,-1
GSM350185,-1
GSM350184,-1
GSM350183,-1
GSM350182,-1
GSM350181,-1
GSM350180,-1
GSM350189,-1
GSM350188,-1
GSM251983,-1
GSM251982,-1
GSM251987,-1
GSM251986,-1
GSM251985,-1
GSM251984,-1
GSM251989,-1
GSM251988,-1
GSM298948,-1
GSM648709,-1
GSM648708,-1
GSM648703,-1
GSM432969,-1
GSM648701,-1
GSM648700,-1
GSM648707,-1
GSM648706,-1
GSM648705,-1
GSM298947,-1
GSM253729,-1
GSM253728,-1
GSM461081,-1
GSM461080,-1
GSM461087,-1
GSM461086,-1
GSM461085,-1
GSM253721,-1
GSM253720,-1
GSM253723,-1
GSM253722,-1
GSM253725,-1
GSM253724,-1
GSM253726,-1
GSM415388,-1
GSM647540,-1
GSM647541,-1
GSM647542,-1
GSM647543,-1
GSM647544,-1
GSM647545,-1
GSM647546,-1
GSM647547,-1
GSM647548,-1
GSM647549,-1
GSM281911,-1
GSM281910,-1
GSM281913,-1
GSM281912,-1
GSM281914,-1
GSM407245,-1
GSM407244,-1
GSM407247,-1
GSM249678,-1
GSM407240,-1
GSM407243,-1
GSM407242,-1
GSM407248,-1
GSM439820,0
GSM439821,0
GSM439822,0
GSM439823,0
GSM439824,0
GSM439825,0
GSM439826,0
GSM439827,0
GSM439828,0
GSM578951,-1
GSM419992,-1
GSM419990,-1
GSM342848,-1
GSM361239,-1
GSM371408,-1
GSM371407,-1
GSM371406,-1
GSM371405,-1
GSM371404,-1
GSM371403,-1
GSM371402,-1
GSM371401,-1
GSM371400,-1
GSM262053,-1
GSM262052,-1
GSM262051,-1
GSM262050,-1
GSM262057,-1
GSM262056,-1
GSM262055,-1
GSM262054,-1
GSM262059,-1
GSM262058,-1
GSM287470,-1
GSM263049,-1
GSM387179,-1
GSM249818,-1
GSM249819,-1
GSM249811,-1
GSM249812,-1
GSM249815,-1
GSM249816,-1
GSM249817,-1
GSM263043,-1
GSM263042,-1
GSM263041,-1
GSM263040,-1
GSM263047,-1
GSM263046,-1
GSM263045,-1
GSM263044,-1
GSM654643,-1
GSM654642,-1
GSM654647,-1
GSM654646,-1
GSM654645,-1
GSM654644,-1
GSM342892,-1
GSM342899,-1
GSM387109,-1
GSM387108,-1
GSM387103,-1
GSM387102,-1
GSM387101,-1
GSM387100,-1
GSM387107,-1
GSM387106,-1
GSM387105,-1
GSM387104,-1
GSM388108,-1
GSM388102,-1
GSM388103,-1
GSM388100,-1
GSM388101,-1
GSM388106,-1
GSM388107,-1
GSM388104,-1
GSM119634,-1
GSM119635,-1
GSM119636,-1
GSM119637,-1
GSM119630,-1
GSM119631,-1
GSM119632,-1
GSM119633,-1
GSM119638,-1
GSM119639,-1
GSM97962,0
GSM300227,-1
GSM300223,-1
GSM300222,-1
GSM187272,-1
GSM187271,-1
GSM300228,-1
GSM261142,-1
GSM261143,-1
GSM342795,-1
GSM342794,-1
GSM342793,-1
GSM342799,-1
GSM472128,-1
GSM472129,-1
GSM472120,-1
GSM85482,-1
GSM352758,-1
GSM352759,-1
GSM352750,-1
GSM352751,-1
GSM352752,-1
GSM352753,-1
GSM352754,-1
GSM352755,-1
GSM352756,-1
GSM352757,-1
GSM85480,-1
GSM85481,-1
GSM531687,-1
GSM531686,-1
GSM531685,-1
GSM531684,-1
GSM531683,-1
GSM531681,-1
GSM531680,-1
GSM531689,-1
GSM531688,-1
GSM85486,-1
GSM476258,-1
GSM476259,-1
GSM475781,-1
GSM475783,-1
GSM85487,-1
GSM422999,-1
GSM320238,-1
GSM320239,-1
GSM320236,-1
GSM320237,-1
GSM320234,-1
GSM320235,-1
GSM320232,-1
GSM320233,-1
GSM370110,-1
GSM320231,-1
GSM146159,-1
GSM146158,-1
GSM146155,-1
GSM146154,-1
GSM146157,-1
GSM146156,-1
GSM146151,-1
GSM146150,-1
GSM146153,-1
GSM146152,-1
GSM281331,-1
GSM281330,-1
GSM281333,-1
GSM281332,-1
GSM281335,-1
GSM281334,-1
GSM281337,-1
GSM281336,-1
GSM281339,-1
GSM281338,-1
GSM538934,-1
GSM720975,-1
GSM538933,-1
GSM251929,-1
GSM538938,-1
GSM93789,-1
GSM371397,-1
GSM371396,-1
GSM371395,-1
GSM371394,-1
GSM371393,-1
GSM371392,-1
GSM371391,-1
GSM371390,-1
GSM371399,-1
GSM371398,-1
GSM490159,-1
GSM490158,-1
GSM490155,-1
GSM490154,-1
GSM490157,-1
GSM490156,-1
GSM490151,-1
GSM490150,-1
GSM490153,-1
GSM490152,-1
GSM673999,-1
GSM673997,-1
GSM673990,-1
GSM673991,-1
GSM662656,-1
GSM662653,-1
GSM662652,-1
GSM158829,-1
GSM491367,-1
GSM491366,-1
GSM523838,-1
GSM261283,-1
GSM261282,-1
GSM261281,-1
GSM261280,-1
GSM261287,-1
GSM261286,-1
GSM261285,-1
GSM261284,-1
GSM261289,-1
GSM261288,-1
GSM249995,-1
GSM249994,-1
GSM249996,-1
GSM249990,-1
GSM249993,-1
GSM249992,-1
GSM249999,-1
GSM249998,-1
GSM350262,-1
GSM350263,-1
GSM350260,-1
GSM350261,-1
GSM350266,-1
GSM350267,-1
GSM350264,-1
GSM350265,-1
GSM350268,-1
GSM350269,-1
GSM387310,-1
GSM494582,-1
GSM523341,-1
GSM272968,-1
GSM272969,-1
GSM272962,-1
GSM272963,-1
GSM272960,-1
GSM272961,-1
GSM272966,-1
GSM272967,-1
GSM272964,-1
GSM272965,-1
GSM523343,-1
GSM483298,-1
GSM483299,-1
GSM483297,-1
GSM276081,-1
GSM276080,-1
GSM276083,-1
GSM276082,-1
GSM276085,-1
GSM276084,-1
GSM523347,-1
GSM122548,-1
GSM95486,-1
GSM122540,-1
GSM122541,-1
GSM122542,-1
GSM122543,-1
GSM122544,-1
GSM122545,-1
GSM122546,-1
GSM122547,-1
GSM95484,-1
GSM247696,0
GSM247697,0
GSM158974,-1
GSM158975,-1
GSM158976,-1
GSM158977,-1
GSM158970,-1
GSM158971,-1
GSM158972,-1
GSM158973,-1
GSM97908,0
GSM97909,0
GSM158978,-1
GSM158979,-1
GSM494048,-1
GSM463184,-1
GSM463182,-1
GSM463183,-1
GSM673998,-1
GSM673994,-1
GSM673995,-1
GSM673996,-1
GSM523367,-1
GSM523366,-1
GSM523365,-1
GSM523364,-1
GSM523363,-1
GSM523362,-1
GSM523361,-1
GSM523360,-1
GSM523369,-1
GSM523368,-1
GSM377456,-1
GSM377458,-1
GSM377459,-1
GSM270810,-1
GSM270811,-1
GSM270812,-1
GSM270813,-1
GSM553629,-1
GSM553628,-1
GSM553625,-1
GSM553624,-1
GSM553627,-1
GSM553626,-1
GSM553621,-1
GSM553620,-1
GSM553623,-1
GSM553622,-1
GSM531670,-1
GSM239398,-1
GSM239399,-1
GSM239394,-1
GSM239395,-1
GSM239396,-1
GSM239397,-1
GSM239390,-1
GSM239391,-1
GSM239392,-1
GSM239393,-1
GSM261092,-1
GSM261093,-1
GSM261090,-1
GSM261091,-1
GSM261096,-1
GSM261097,-1
GSM261094,-1
GSM261095,-1
GSM261098,-1
GSM261099,-1
GSM401074,-1
GSM401075,-1
GSM401077,-1
GSM401070,-1
GSM401071,-1
GSM401072,-1
GSM401073,-1
GSM124845,-1
GSM124842,-1
GSM124840,-1
GSM287311,-1
GSM287313,-1
GSM287314,-1
GSM287317,-1
GSM287316,-1
GSM480008,-1
GSM480009,-1
GSM277786,-1
GSM277780,-1
GSM277782,-1
GSM229913,-1
GSM229912,-1
GSM229911,-1
GSM229910,-1
GSM229917,-1
GSM229916,-1
GSM229915,-1
GSM229914,-1
GSM229919,-1
GSM229918,-1
GSM480000,-1
GSM125071,-1
GSM125070,-1
GSM125073,-1
GSM125072,-1
GSM125075,-1
GSM125074,-1
GSM125077,-1
GSM125076,-1
GSM125079,-1
GSM125078,-1
GSM480007,-1
GSM480004,-1
GSM480005,-1
GSM452282,-1
GSM351418,-1
GSM351419,-1
GSM351412,-1
GSM351413,-1
GSM351410,-1
GSM351411,-1
GSM351416,-1
GSM351417,-1
GSM351414,-1
GSM351415,-1
GSM452281,-1
GSM447216,-1
GSM447217,-1
GSM447214,-1
GSM447215,-1
GSM447212,-1
GSM447213,-1
GSM447210,-1
GSM447218,-1
GSM447219,-1
GSM240844,-1
GSM240840,-1
GSM240841,-1
GSM240842,-1
GSM240843,-1
GSM107535,-1
GSM107539,-1
GSM281421,-1
GSM281420,-1
GSM281423,-1
GSM281422,-1
GSM281425,-1
GSM281424,-1
GSM281427,-1
GSM281426,-1
GSM281429,-1
GSM281428,-1
GSM158831,-1
GSM158830,-1
GSM158833,-1
GSM158832,-1
GSM158835,-1
GSM158834,-1
GSM158837,-1
GSM158836,-1
GSM158839,-1
GSM158838,-1
GSM729053,-1
GSM624940,-1
GSM624947,-1
GSM624946,-1
GSM624945,-1
GSM624944,-1
GSM158787,-1
GSM158786,-1
GSM158785,-1
GSM158784,-1
GSM158783,-1
GSM158782,-1
GSM158781,-1
GSM158780,-1
GSM158789,-1
GSM158788,-1
GSM624948,-1
GSM140968,-1
GSM140969,-1
GSM387201,-1
GSM388182,-1
GSM388181,-1
GSM388187,-1
GSM388188,-1
GSM388189,-1
GSM372599,-1
GSM387183,-1
GSM387182,-1
GSM387181,-1
GSM387180,-1
GSM387187,-1
GSM387186,-1
GSM387185,-1
GSM387184,-1
GSM387189,-1
GSM387188,-1
GSM276232,-1
GSM276230,-1
GSM276231,-1
GSM395777,-1
GSM395776,-1
GSM395775,-1
GSM395774,-1
GSM395779,-1
GSM395778,-1
GSM85477,-1
GSM85476,-1
GSM85475,-1
GSM85479,-1
GSM85478,-1
GSM187189,0
GSM187188,0
GSM187181,0
GSM187180,0
GSM187183,0
GSM187182,0
GSM187185,0
GSM187184,0
GSM187187,0
GSM187186,0
GSM401078,-1
GSM401079,-1
GSM272265,-1
GSM272264,-1
GSM272261,-1
GSM272260,-1
GSM272263,-1
GSM272262,-1
GSM446129,-1
GSM446128,-1
GSM446127,-1
GSM446126,-1
GSM446125,-1
GSM446124,-1
GSM446123,-1
GSM446122,-1
GSM446121,-1
GSM446120,-1
GSM431134,-1
GSM431135,-1
GSM342717,-1
GSM342716,-1
GSM342711,-1
GSM342710,-1
GSM342712,-1
GSM516755,-1
GSM401139,-1
GSM401138,-1
GSM401131,-1
GSM401130,-1
GSM401133,-1
GSM401132,-1
GSM401135,-1
GSM401134,-1
GSM401137,-1
GSM401136,-1
GSM261119,-1
GSM261118,-1
GSM261117,-1
GSM261116,-1
GSM261115,-1
GSM261114,-1
GSM261113,-1
GSM261112,-1
GSM261111,-1
GSM261110,-1
GSM475705,-1
GSM475704,-1
GSM475707,-1
GSM475702,-1
GSM109789,-1
GSM109788,-1
GSM109787,-1
GSM483389,-1
GSM25844,-1
GSM25845,-1
GSM25846,-1
GSM25847,-1
GSM25840,-1
GSM25841,-1
GSM25842,-1
GSM25843,-1
GSM25848,-1
GSM25849,-1
GSM306794,-1
GSM306796,-1
GSM306791,-1
GSM306790,-1
GSM306793,-1
GSM306792,-1
GSM306799,-1
GSM306798,-1
GSM351339,-1
GSM351338,-1
GSM648598,-1
GSM648599,-1
GSM351337,-1
GSM523385,-1
GSM280927,-1
GSM280926,-1
GSM280925,-1
GSM466958,-1
GSM466959,-1
GSM515292,-1
GSM466954,-1
GSM515290,-1
GSM515291,-1
GSM466955,-1
GSM422301,-1
GSM422300,-1
GSM422303,-1
GSM422302,-1
GSM234909,-1
GSM337492,-1
GSM337493,-1
GSM337490,-1
GSM337491,-1
GSM337496,-1
GSM337497,-1
GSM337494,-1
GSM337495,-1
GSM337498,-1
GSM277789,-1
GSM277788,-1
GSM281670,-1
GSM281671,-1
GSM281672,-1
GSM281673,-1
GSM465188,-1
GSM277784,-1
GSM465186,-1
GSM465187,-1
GSM465184,-1
GSM465185,-1
GSM277787,-1
GSM277781,-1
GSM277783,-1
GSM466983,-1
GSM466982,-1
GSM466987,-1
GSM466986,-1
GSM466985,-1
GSM466984,-1
GSM159043,-1
GSM159042,-1
GSM159041,-1
GSM159040,-1
GSM159047,-1
GSM159046,-1
GSM159045,-1
GSM159044,-1
GSM159049,-1
GSM159048,-1
GSM249919,-1
GSM249918,-1
GSM249915,-1
GSM249917,-1
GSM249916,-1
GSM249910,-1
GSM249913,-1
GSM249912,-1
GSM95505,-1
GSM388119,-1
GSM95503,-1
GSM528889,-1
GSM528888,-1
GSM528881,-1
GSM528880,-1
GSM528887,-1
GSM528886,-1
GSM528885,-1
GSM528884,-1
GSM276001,-1
GSM276000,-1
GSM276003,-1
GSM276002,-1
GSM276005,-1
GSM276004,-1
GSM276007,-1
GSM276006,-1
GSM276009,-1
GSM276008,-1
GSM300308,-1
GSM300309,-1
GSM300300,-1
GSM300301,-1
GSM300304,-1
GSM300305,-1
GSM306229,-1
GSM306228,-1
GSM306224,-1
GSM306227,-1
GSM306226,-1
GSM306223,-1
GSM368491,-1
GSM368499,-1
GSM172430,-1
GSM158981,-1
GSM575653,-1
GSM194097,-1
GSM194096,-1
GSM194095,-1
GSM194094,-1
GSM194093,-1
GSM194092,-1
GSM194091,-1
GSM194090,-1
GSM483318,-1
GSM483313,-1
GSM483312,-1
GSM483311,-1
GSM673992,-1
GSM483310,-1
GSM483317,-1
GSM483316,-1
GSM483315,-1
GSM483314,-1
GSM468343,-1
GSM468342,-1
GSM468341,-1
GSM468340,-1
GSM468347,-1
GSM468346,-1
GSM468345,-1
GSM468344,-1
GSM508900,-1
GSM508901,-1
GSM468349,-1
GSM468348,-1
GSM508904,-1
GSM508905,-1
GSM508906,-1
GSM371762,-1
GSM371763,-1
GSM371760,-1
GSM371761,-1
GSM201278,-1
GSM371764,-1
GSM371765,-1
GSM201274,-1
GSM201275,-1
GSM201276,-1
GSM201277,-1
GSM201270,-1
GSM201271,-1
GSM201272,-1
GSM201273,-1
GSM596850,0
GSM280888,-1
GSM280889,-1
GSM280880,-1
GSM280881,-1
GSM280882,-1
GSM280883,-1
GSM336399,-1
GSM418131,-1
GSM418130,-1
GSM520524,0
GSM520525,0
GSM520521,0
GSM520522,0
GSM520523,0
GSM523875,-1
GSM523874,-1
GSM523873,-1
GSM523872,-1
GSM523871,-1
GSM523870,-1
GSM337519,-1
GSM337518,-1
GSM337517,-1
GSM337516,-1
GSM337515,-1
GSM337514,-1
GSM337513,-1
GSM337512,-1
GSM337511,-1
GSM337510,-1
GSM491208,-1
GSM491209,-1
GSM361349,-1
GSM361348,-1
GSM157869,-1
GSM361341,-1
GSM361340,-1
GSM361343,-1
GSM361342,-1
GSM361345,-1
GSM361344,-1
GSM361347,-1
GSM361346,-1
GSM494076,-1
GSM433624,-1
GSM494074,-1
GSM494075,-1
GSM494072,-1
GSM494073,-1
GSM494070,-1
GSM433625,-1
GSM433626,-1
GSM494078,-1
GSM494079,-1
GSM433623,-1
GSM231648,-1
GSM231649,-1
GSM231642,-1
GSM231643,-1
GSM231640,-1
GSM231641,-1
GSM231646,-1
GSM231647,-1
GSM231644,-1
GSM231645,-1
GSM262127,-1
GSM262126,-1
GSM262125,-1
GSM262124,-1
GSM262123,-1
GSM262122,-1
GSM262121,-1
GSM262120,-1
GSM262129,-1
GSM262128,-1
GSM494832,-1
GSM494833,-1
GSM402060,-1
GSM402061,-1
GSM201858,-1
GSM201859,-1
GSM387219,-1
GSM387218,-1
GSM387217,-1
GSM387216,-1
GSM387215,-1
GSM387214,-1
GSM387213,-1
GSM387212,-1
GSM387211,-1
GSM387210,-1
GSM415390,-1
GSM276057,-1
GSM124748,-1
GSM483392,-1
GSM483391,-1
GSM483397,-1
GSM483396,-1
GSM483395,-1
GSM483394,-1
GSM483399,-1
GSM483398,-1
GSM445988,-1
GSM445989,-1
GSM310439,-1
GSM310438,-1
GSM310433,-1
GSM310432,-1
GSM310431,-1
GSM310430,-1
GSM310437,-1
GSM310436,-1
GSM310435,-1
GSM310434,-1
GSM726188,-1
GSM726189,-1
GSM726187,-1
GSM726184,-1
GSM726185,-1
GSM726182,-1
GSM726183,-1
GSM726180,-1
GSM726181,-1
GSM447168,-1
GSM447169,-1
GSM447161,-1
GSM447162,-1
GSM447163,-1
GSM447164,-1
GSM447165,-1
GSM447166,-1
GSM447167,-1
GSM449193,-1
GSM449192,-1
GSM449191,-1
GSM449190,-1
GSM449197,-1
GSM449196,-1
GSM449195,-1
GSM449194,-1
GSM449199,-1
GSM449198,-1
GSM368519,-1
GSM161970,-1
GSM161971,-1
GSM97823,0
GSM97822,0
GSM97821,0
GSM97820,0
GSM97827,0
GSM97826,0
GSM97825,0
GSM97824,0
GSM97829,0
GSM97828,0
GSM359531,-1
GSM359530,-1
GSM359533,-1
GSM359532,-1
GSM359535,-1
GSM359534,-1
GSM359537,-1
GSM359536,-1
GSM359539,-1
GSM359538,-1
GSM477789,-1
GSM477788,-1
GSM477787,-1
GSM477786,-1
GSM477785,-1
GSM477784,-1
GSM97793,0
GSM429414,-1
GSM494271,-1
GSM494272,-1
GSM494273,-1
GSM429410,-1
GSM429411,-1
GSM429412,-1
GSM429413,-1
GSM243228,-1
GSM243225,-1
GSM243227,-1
GSM243226,-1
GSM243220,-1
GSM251950,-1
GSM251951,-1
GSM251952,-1
GSM251953,-1
GSM494203,-1
GSM461050,-1
GSM461051,-1
GSM461053,-1
GSM461055,-1
GSM461056,-1
GSM461057,-1
GSM461058,-1
GSM461059,-1
GSM523248,-1
GSM523249,-1
GSM523242,-1
GSM523243,-1
GSM523244,-1
GSM523245,-1
GSM523246,-1
GSM523247,-1
GSM462652,-1
GSM462651,-1
GSM462650,-1
GSM419145,-1
GSM417781,-1
GSM417780,-1
GSM132769,0
GSM132768,0
GSM721015,-1
GSM132761,0
GSM230424,-1
GSM132763,0
GSM230426,-1
GSM230421,-1
GSM230420,-1
GSM230423,-1
GSM230422,-1
GSM550923,-1
GSM550922,-1
GSM550921,-1
GSM550920,-1
GSM550927,-1
GSM550926,-1
GSM550925,-1
GSM550924,-1
GSM288228,-1
GSM288229,-1
GSM288224,-1
GSM288225,-1
GSM288226,-1
GSM288227,-1
GSM288223,-1
GSM721016,-1
GSM553474,-1
GSM553475,-1
GSM553476,-1
GSM553477,-1
GSM553470,-1
GSM553471,-1
GSM553472,-1
GSM553473,-1
GSM553478,-1
GSM553479,-1
GSM721011,-1
GSM525359,-1
GSM721010,-1
GSM400778,-1
GSM400779,-1
GSM721013,-1
GSM400770,-1
GSM400771,-1
GSM400772,-1
GSM400773,-1
GSM400774,-1
GSM400775,-1
GSM400776,-1
GSM400777,-1
GSM721012,-1
GSM407278,-1
GSM407279,-1
GSM407274,-1
GSM407275,-1
GSM407276,-1
GSM407277,-1
GSM407270,-1
GSM407271,-1
GSM407272,-1
GSM407273,-1
GSM729052,-1
GSM279062,-1
GSM381239,-1
GSM261193,-1
GSM261192,-1
GSM381233,-1
GSM381232,-1
GSM381231,-1
GSM381230,-1
GSM381237,-1
GSM381236,-1
GSM261199,-1
GSM261198,-1
GSM262080,-1
GSM372259,-1
GSM372258,-1
GSM372257,-1
GSM372256,-1
GSM372254,-1
GSM372252,-1
GSM372251,-1
GSM372250,-1
GSM433020,-1
GSM119685,-1
GSM119684,-1
GSM119687,-1
GSM119686,-1
GSM119681,-1
GSM119680,-1
GSM119683,-1
GSM119682,-1
GSM119688,-1
GSM263029,-1
GSM263028,-1
GSM648666,-1
GSM648667,-1
GSM648660,-1
GSM648661,-1
GSM648662,-1
GSM648663,-1
GSM263021,-1
GSM263020,-1
GSM263023,-1
GSM263022,-1
GSM263025,-1
GSM263024,-1
GSM263027,-1
GSM263026,-1
GSM119359,-1
GSM119358,-1
GSM119355,-1
GSM119354,-1
GSM312945,-1
GSM312944,-1
GSM312946,-1
GSM312941,-1
GSM312940,-1
GSM312943,-1
GSM312942,-1
GSM534455,-1
GSM534454,-1
GSM534457,-1
GSM534456,-1
GSM534453,-1
GSM534452,-1
GSM534459,-1
GSM534458,-1
GSM423038,-1
GSM423039,-1
GSM146188,-1
GSM146189,-1
GSM624925,-1
GSM624927,-1
GSM624926,-1
GSM146182,-1
GSM146183,-1
GSM146180,-1
GSM146181,-1
GSM146186,-1
GSM146187,-1
GSM146184,-1
GSM146185,-1
GSM553601,-1
GSM419152,-1
GSM419153,-1
GSM419150,-1
GSM419151,-1
GSM419156,-1
GSM419157,-1
GSM419154,-1
GSM419155,-1
GSM261263,-1
GSM261262,-1
GSM387064,-1
GSM387065,-1
GSM387066,-1
GSM387067,-1
GSM387060,-1
GSM387061,-1
GSM387062,-1
GSM387063,-1
GSM387068,-1
GSM387069,-1
GSM648685,-1
GSM475657,-1
GSM272306,-1
GSM272307,-1
GSM272304,-1
GSM272305,-1
GSM272302,-1
GSM272303,-1
GSM272300,-1
GSM272301,-1
GSM272308,-1
GSM272309,-1
GSM446000,-1
GSM446001,-1
GSM446002,-1
GSM446003,-1
GSM446004,-1
GSM446005,-1
GSM446006,-1
GSM446007,-1
GSM446008,-1
GSM446009,-1
GSM475658,-1
GSM726176,-1
GSM408734,-1
GSM408735,-1
GSM408730,-1
GSM408731,-1
GSM408732,-1
GSM408733,-1
GSM726174,-1
GSM447663,-1
GSM447662,-1
GSM447661,-1
GSM447660,-1
GSM447667,-1
GSM447666,-1
GSM447665,-1
GSM447664,-1
GSM447669,-1
GSM447668,-1
GSM726173,-1
GSM352871,-1
GSM352870,-1
GSM352872,-1
GSM261250,-1
GSM261251,-1
GSM261252,-1
GSM261253,-1
GSM261254,-1
GSM261255,-1
GSM261256,-1
GSM261257,-1
GSM261258,-1
GSM261259,-1
GSM479990,-1
GSM479991,-1
GSM479998,-1
GSM479999,-1
GSM338279,-1
GSM338278,-1
GSM338273,-1
GSM338272,-1
GSM338277,-1
GSM338276,-1
GSM338275,-1
GSM338274,-1
GSM646789,-1
GSM646788,-1
GSM646785,-1
GSM646784,-1
GSM646787,-1
GSM646786,-1
GSM646781,-1
GSM646780,-1
GSM646783,-1
GSM646782,-1
GSM320632,-1
GSM320633,-1
GSM320630,-1
GSM320631,-1
GSM320636,-1
GSM320637,-1
GSM320634,-1
GSM320635,-1
GSM272140,-1
GSM272141,-1
GSM320638,-1
GSM320639,-1
GSM272144,-1
GSM272145,-1
GSM272146,-1
GSM272147,-1
GSM572803,-1
GSM572808,-1
GSM572809,-1
GSM491288,-1
GSM491289,-1
GSM491286,-1
GSM491287,-1
GSM491284,-1
GSM491285,-1
GSM491282,-1
GSM491283,-1
GSM491280,-1
GSM491281,-1
GSM628048,-1
GSM628049,-1
GSM628041,-1
GSM612270,-1
GSM612271,-1
GSM612272,-1
GSM612273,-1
GSM159124,-1
GSM159125,-1
GSM159126,-1
GSM159127,-1
GSM159120,-1
GSM159121,-1
GSM159122,-1
GSM159123,-1
GSM159128,-1
GSM159129,-1
GSM578949,-1
GSM578948,-1
GSM243719,-1
GSM243718,-1
GSM243715,-1
GSM243714,-1
GSM243717,-1
GSM243716,-1
GSM243713,-1
GSM243712,-1
GSM287368,-1
GSM287369,-1
GSM287364,-1
GSM287365,-1
GSM287366,-1
GSM287360,-1
GSM287361,-1
GSM287362,-1
GSM287363,-1
GSM136138,-1
GSM136139,-1
GSM136130,-1
GSM136131,-1
GSM136132,-1
GSM136134,-1
GSM136135,-1
GSM136136,-1
GSM136137,-1
GSM494618,-1
GSM494619,-1
GSM494612,-1
GSM494613,-1
GSM494610,-1
GSM494611,-1
GSM494616,-1
GSM494617,-1
GSM494614,-1
GSM494615,-1
GSM154498,-1
GSM387296,-1
GSM387295,-1
GSM387294,-1
GSM387293,-1
GSM387292,-1
GSM387291,-1
GSM387290,-1
GSM387299,-1
GSM387298,-1
GSM306074,-1
GSM306075,-1
GSM306076,-1
GSM306077,-1
GSM306070,-1
GSM306071,-1
GSM306072,-1
GSM306073,-1
GSM306078,-1
GSM490992,-1
GSM490995,-1
GSM490994,-1
GSM85473,-1
GSM490997,-1
GSM490996,-1
GSM483461,-1
GSM483460,-1
GSM483463,-1
GSM483462,-1
GSM483465,-1
GSM483464,-1
GSM483467,-1
GSM483466,-1
GSM483469,-1
GSM483468,-1
GSM368594,-1
GSM368591,-1
GSM342620,-1
GSM342626,-1
GSM432180,-1
GSM404949,0
GSM404948,0
GSM404943,0
GSM404942,0
GSM404941,0
GSM404940,0
GSM404947,0
GSM404946,0
GSM404945,0
GSM404944,0
GSM320223,-1
GSM575654,-1
GSM575655,-1
GSM575657,-1
GSM575650,-1
GSM575651,-1
GSM472048,-1
GSM472047,-1
GSM472046,-1
GSM472045,-1
GSM472043,-1
GSM472042,-1
GSM472041,-1
GSM472040,-1
GSM97857,0
GSM388118,-1
GSM350158,-1
GSM350159,-1
GSM350154,-1
GSM350155,-1
GSM350156,-1
GSM350157,-1
GSM350150,-1
GSM350151,-1
GSM350152,-1
GSM350153,-1
GSM468487,-1
GSM388117,-1
GSM388116,-1
GSM494578,-1
GSM647579,-1
GSM647578,-1
GSM647571,-1
GSM647570,-1
GSM647573,-1
GSM647572,-1
GSM647575,-1
GSM272267,-1
GSM647577,-1
GSM647576,-1
GSM272266,-1
GSM272269,-1
GSM272268,-1
GSM251640,-1
GSM251649,-1
GSM231608,-1
GSM231609,-1
GSM439819,0
GSM439818,0
GSM439811,0
GSM439810,0
GSM439813,0
GSM439812,0
GSM439815,0
GSM439814,0
GSM439817,0
GSM439816,0
GSM95504,-1
GSM407148,-1
GSM407149,-1
GSM407146,-1
GSM407147,-1
GSM407144,-1
GSM407145,-1
GSM407142,-1
GSM407143,-1
GSM407140,-1
GSM407141,-1
GSM452150,-1
GSM298782,-1
GSM298789,-1
GSM494139,-1
GSM494138,-1
GSM494133,-1
GSM494132,-1
GSM494131,-1
GSM494130,-1
GSM494137,-1
GSM494136,-1
GSM494135,-1
GSM494134,-1
GSM531671,-1
GSM347658,-1
GSM347652,-1
GSM347650,-1
GSM347657,-1
GSM347656,-1
GSM347654,-1
GSM287449,-1
GSM287448,-1
GSM287441,-1
GSM287440,-1
GSM287443,-1
GSM287442,-1
GSM287445,-1
GSM287444,-1
GSM287447,-1
GSM287446,-1
GSM318103,-1
GSM318102,-1
GSM318101,-1
GSM318100,-1
GSM318107,-1
GSM318106,-1
GSM318105,-1
GSM318104,-1
GSM318109,-1
GSM318108,-1
GSM249821,-1
GSM249820,-1
GSM249822,-1
GSM249825,-1
GSM249824,-1
GSM249827,-1
GSM249826,-1
GSM342865,-1
GSM342864,-1
GSM387150,-1
GSM387151,-1
GSM387152,-1
GSM387153,-1
GSM387154,-1
GSM387155,-1
GSM387156,-1
GSM387157,-1
GSM387158,-1
GSM387159,-1
GSM247677,0
GSM350318,-1
GSM350319,-1
GSM350316,-1
GSM350317,-1
GSM350315,-1
GSM350313,-1
GSM350310,-1
GSM646749,-1
GSM646748,-1
GSM60540,-1
GSM60541,-1
GSM187228,0
GSM187229,0
GSM726240,-1
GSM646747,-1
GSM646746,-1
GSM18428,-1
GSM18429,-1
GSM257769,-1
GSM18427,-1
GSM18424,-1
GSM18425,-1
GSM18422,-1
GSM18423,-1
GSM726247,-1
GSM449254,-1
GSM449255,-1
GSM449256,-1
GSM449257,-1
GSM449250,-1
GSM449251,-1
GSM449258,-1
GSM449259,-1
GSM352761,-1
GSM352760,-1
GSM352763,-1
GSM352762,-1
GSM352765,-1
GSM352764,-1
GSM352767,-1
GSM352766,-1
GSM352769,-1
GSM352768,-1
GSM531658,-1
GSM531656,-1
GSM531657,-1
GSM531650,-1
GSM531651,-1
GSM531652,-1
GSM531653,-1
GSM124999,-1
GSM124998,-1
GSM306900,-1
GSM306902,-1
GSM306903,-1
GSM306904,-1
GSM306905,-1
GSM306906,-1
GSM306907,-1
GSM306908,-1
GSM306909,-1
GSM320242,-1
GSM320241,-1
GSM320240,-1
GSM320249,-1
GSM337541,-1
GSM148610,-1
GSM148611,-1
GSM263039,-1
GSM465234,-1
GSM465235,-1
GSM465236,-1
GSM465237,-1
GSM465230,-1
GSM465231,-1
GSM465232,-1
GSM465233,-1
GSM465238,-1
GSM465239,-1
GSM516779,-1
GSM516776,-1
GSM516777,-1
GSM516770,-1
GSM516771,-1
GSM516772,-1
GSM550794,-1
GSM550795,-1
GSM550796,-1
GSM550797,-1
GSM550790,-1
GSM550791,-1
GSM550792,-1
GSM550793,-1
GSM550798,-1
GSM550799,-1
GSM494626,-1
GSM553634,-1
GSM452171,-1
GSM518605,-1
GSM411183,-1
GSM377348,-1
GSM377349,-1
GSM377346,-1
GSM377347,-1
GSM377344,-1
GSM377345,-1
GSM377342,-1
GSM377343,-1
GSM377340,-1
GSM377341,-1
GSM518600,-1
GSM550808,-1
GSM550809,-1
GSM550805,-1
GSM550806,-1
GSM550807,-1
GSM550800,-1
GSM550801,-1
GSM550802,-1
GSM550803,-1
GSM358268,-1
GSM358269,-1
GSM358266,-1
GSM518601,-1
GSM358265,-1
GSM446088,-1
GSM446089,-1
GSM400183,-1
GSM400182,-1
GSM400181,-1
GSM400180,-1
GSM400187,-1
GSM400186,-1
GSM400185,-1
GSM400184,-1
GSM249780,-1
GSM249781,-1
GSM400189,-1
GSM400188,-1
GSM249784,-1
GSM249785,-1
GSM249786,-1
GSM159090,-1
GSM159091,-1
GSM159092,-1
GSM159093,-1
GSM159094,-1
GSM159095,-1
GSM159096,-1
GSM159097,-1
GSM159098,-1
GSM159099,-1
GSM531645,-1
GSM531644,-1
GSM494087,-1
GSM494086,-1
GSM494085,-1
GSM494084,-1
GSM494083,-1
GSM494082,-1
GSM494081,-1
GSM494080,-1
GSM387580,-1
GSM350299,-1
GSM350298,-1
GSM350293,-1
GSM350292,-1
GSM350291,-1
GSM350290,-1
GSM350297,-1
GSM350296,-1
GSM350295,-1
GSM350294,-1
GSM138595,-1
GSM138596,-1
GSM253929,-1
GSM125109,-1
GSM125108,-1
GSM125105,-1
GSM125104,-1
GSM125107,-1
GSM125106,-1
GSM125101,-1
GSM125100,-1
GSM125103,-1
GSM125102,-1
GSM397649,0
GSM397648,0
GSM397641,0
GSM397640,0
GSM397643,0
GSM397642,0
GSM397645,0
GSM397644,0
GSM397647,0
GSM397646,0
GSM312867,-1
GSM312864,-1
GSM312865,-1
GSM312862,-1
GSM312863,-1
GSM312860,-1
GSM312861,-1
GSM312868,-1
GSM312869,-1
GSM258557,-1
GSM258556,-1
GSM258555,-1
GSM258554,-1
GSM258553,-1
GSM258552,-1
GSM258551,-1
GSM258559,-1
GSM258558,-1
GSM624842,-1
GSM624843,-1
GSM624841,-1
GSM158949,-1
GSM158948,-1
GSM624844,-1
GSM624845,-1
GSM158945,-1
GSM158944,-1
GSM158947,-1
GSM158946,-1
GSM158941,-1
GSM158940,-1
GSM158943,-1
GSM158942,-1
GSM364649,-1
GSM364648,-1
GSM364643,-1
GSM364642,-1
GSM364641,-1
GSM364640,-1
GSM364647,-1
GSM364646,-1
GSM364645,-1
GSM364644,-1
GSM468390,-1
GSM468391,-1
GSM468392,-1
GSM468393,-1
GSM468394,-1
GSM468395,-1
GSM468396,-1
GSM468397,-1
GSM468398,-1
GSM468399,-1
GSM387114,-1
GSM422985,-1
GSM422989,-1
GSM140236,-1
GSM140237,-1
GSM140234,-1
GSM140235,-1
GSM140232,-1
GSM140233,-1
GSM140239,-1
GSM306795,-1
GSM440239,-1
GSM440238,-1
GSM440237,-1
GSM440236,-1
GSM413558,-1
GSM413559,-1
GSM452180,-1
GSM452181,-1
GSM372600,-1
GSM452182,-1
GSM452187,-1
GSM648592,-1
GSM648593,-1
GSM648596,-1
GSM648597,-1
GSM648594,-1
GSM648595,-1
GSM410779,-1
GSM410778,-1
GSM410773,-1
GSM410772,-1
GSM410775,-1
GSM410774,-1
GSM410777,-1
GSM410776,-1
GSM351336,-1
GSM488020,0
GSM488021,0
GSM488022,0
GSM488023,0
GSM488024,0
GSM488025,0
GSM488026,0
GSM488027,0
GSM523356,-1
GSM280924,-1
GSM370109,-1
GSM370108,-1
GSM523357,-1
GSM301602,-1
GSM370104,-1
GSM370107,-1
GSM370106,-1
GSM320221,-1
GSM275998,-1
GSM275999,-1
GSM301604,-1
GSM275992,-1
GSM275993,-1
GSM275990,-1
GSM320222,-1
GSM275996,-1
GSM275997,-1
GSM275994,-1
GSM275995,-1
GSM726234,-1
GSM726236,-1
GSM726237,-1
GSM726230,-1
GSM726231,-1
GSM726232,-1
GSM726233,-1
GSM726238,-1
GSM726239,-1
GSM407078,-1
GSM407079,-1
GSM407076,-1
GSM407077,-1
GSM407074,-1
GSM407075,-1
GSM318433,-1
GSM318432,-1
GSM318431,-1
GSM318430,-1
GSM318437,-1
GSM318436,-1
GSM318435,-1
GSM318434,-1
GSM318439,-1
GSM318438,-1
GSM494032,-1
GSM494033,-1
GSM494030,-1
GSM494031,-1
GSM494036,-1
GSM494037,-1
GSM494034,-1
GSM494035,-1
GSM74877,-1
GSM74876,-1
GSM74875,-1
GSM74879,-1
GSM74878,-1
GSM229941,-1
GSM340508,-1
GSM340509,-1
GSM340502,-1
GSM340503,-1
GSM340500,-1
GSM340501,-1
GSM340506,-1
GSM340507,-1
GSM340504,-1
GSM340505,-1
GSM423045,-1
GSM423044,-1
GSM423046,-1
GSM423041,-1
GSM423040,-1
GSM483340,-1
GSM483341,-1
GSM483342,-1
GSM483343,-1
GSM483344,-1
GSM423043,-1
GSM483346,-1
GSM483347,-1
GSM483348,-1
GSM483349,-1
GSM423042,-1
GSM445939,-1
GSM445938,-1
GSM445931,-1
GSM445930,-1
GSM445933,-1
GSM445932,-1
GSM445935,-1
GSM445934,-1
GSM445937,-1
GSM445936,-1
GSM531629,-1
GSM726179,-1
GSM726178,-1
GSM449147,-1
GSM449148,-1
GSM449149,-1
GSM272772,-1
GSM272771,-1
GSM272770,-1
GSM451815,-1
GSM188678,-1
GSM188679,-1
GSM188672,-1
GSM188673,-1
GSM188670,-1
GSM188671,-1
GSM188676,-1
GSM188677,-1
GSM188674,-1
GSM188675,-1
GSM258072,-1
GSM158758,-1
GSM158759,-1
GSM158754,-1
GSM158755,-1
GSM158756,-1
GSM158757,-1
GSM158750,-1
GSM158751,-1
GSM158752,-1
GSM158753,-1
GSM371456,-1
GSM515293,-1
GSM726218,-1
GSM726217,-1
GSM726214,-1
GSM700582,-1
GSM700583,-1
GSM700581,-1
GSM700586,-1
GSM700584,-1
GSM700585,-1
GSM700588,-1
GSM726213,-1
GSM609037,-1
GSM230387,-1
GSM230388,-1
GSM230389,-1
GSM85488,-1
GSM85489,-1
GSM300275,-1
GSM300276,-1
GSM300271,-1
GSM300272,-1
GSM300279,-1
GSM272238,-1
GSM272239,-1
GSM272232,-1
GSM272233,-1
GSM272230,-1
GSM272231,-1
GSM272236,-1
GSM272237,-1
GSM272234,-1
GSM272235,-1
GSM239718,-1
GSM239719,-1
GSM280992,-1
GSM239714,-1
GSM239716,-1
GSM239717,-1
GSM569484,-1
GSM569485,-1
GSM569480,-1
GSM569481,-1
GSM569482,-1
GSM569483,-1
GSM342740,-1
GSM342741,-1
GSM342746,-1
GSM280998,-1
GSM342745,-1
GSM257980,-1
GSM475750,-1
GSM475757,-1
GSM475754,-1
GSM475755,-1
GSM25819,-1
GSM25818,-1
GSM25813,-1
GSM25812,-1
GSM25811,-1
GSM25810,-1
GSM25817,-1
GSM25816,-1
GSM25815,-1
GSM25814,-1
GSM337499,-1
GSM280972,-1
GSM280973,-1
GSM280974,-1
GSM280975,-1
GSM465924,-1
GSM465925,-1
GSM465926,-1
GSM465927,-1
GSM465920,-1
GSM465921,-1
GSM465922,-1
GSM465923,-1
GSM465928,-1
GSM465929,-1
GSM336402,-1
GSM336400,-1
GSM336401,-1
GSM707913,-1
GSM707917,-1
GSM379855,0
GSM379856,0
GSM379857,0
GSM379858,0
GSM379859,0
GSM429909,-1
GSM429904,-1
GSM429905,-1
GSM550884,-1
GSM550885,-1
GSM550886,-1
GSM550887,-1
GSM550880,-1
GSM550881,-1
GSM550882,-1
GSM550883,-1
GSM550888,-1
GSM550889,-1
GSM281649,-1
GSM281648,-1
GSM281641,-1
GSM281640,-1
GSM281643,-1
GSM281642,-1
GSM281645,-1
GSM281644,-1
GSM281647,-1
GSM281646,-1
GSM456351,-1
GSM456350,-1
GSM159018,-1
GSM159019,-1
GSM159010,-1
GSM159011,-1
GSM159012,-1
GSM159013,-1
GSM159014,-1
GSM159015,-1
GSM159016,-1
GSM159017,-1
GSM465183,-1
GSM249942,-1
GSM249943,-1
GSM249940,-1
GSM249941,-1
GSM249946,-1
GSM249948,-1
GSM545662,-1
GSM350213,-1
GSM350212,-1
GSM350211,-1
GSM350210,-1
GSM350217,-1
GSM350216,-1
GSM350215,-1
GSM350214,-1
GSM350219,-1
GSM350218,-1
GSM300333,-1
GSM300332,-1
GSM300339,-1
GSM300338,-1
GSM466989,-1
GSM95511,-1
GSM466988,-1
GSM95510,-1
GSM445944,-1
GSM445945,-1
GSM445946,-1
GSM445947,-1
GSM445940,-1
GSM445941,-1
GSM445942,-1
GSM445943,-1
GSM172462,-1
GSM172460,-1
GSM172461,-1
GSM213500,-1
GSM97959,0
GSM97958,0
GSM97957,0
GSM97956,0
GSM97955,0
GSM97954,0
GSM97953,0
GSM97952,0
GSM97951,0
GSM97950,0
GSM281084,-1
GSM494564,-1
GSM494565,-1
GSM494566,-1
GSM494567,-1
GSM494560,-1
GSM494561,-1
GSM494562,-1
GSM494563,-1
GSM494568,-1
GSM494569,-1
GSM201245,-1
GSM201244,-1
GSM201247,-1
GSM201246,-1
GSM201241,-1
GSM201240,-1
GSM201243,-1
GSM201242,-1
GSM201249,-1
GSM201248,-1
GSM628051,-1
GSM646758,-1
GSM646759,-1
GSM646752,-1
GSM646750,-1
GSM646751,-1
GSM646756,-1
GSM646757,-1
GSM646754,-1
GSM646755,-1
GSM523334,-1
GSM523335,-1
GSM523336,-1
GSM523337,-1
GSM523330,-1
GSM523331,-1
GSM523332,-1
GSM523333,-1
GSM523338,-1
GSM523339,-1
GSM281878,-1
GSM281879,-1
GSM281872,-1
GSM281873,-1
GSM281870,-1
GSM281871,-1
GSM281876,-1
GSM281877,-1
GSM281874,-1
GSM281875,-1
GSM97856,0
GSM491279,-1
GSM491278,-1
GSM491275,-1
GSM491274,-1
GSM491273,-1
GSM491272,-1
GSM491271,-1
GSM491270,-1
GSM472130,-1
GSM494009,-1
GSM494008,-1
GSM494007,-1
GSM494006,-1
GSM494005,-1
GSM494004,-1
GSM494003,-1
GSM494002,-1
GSM494001,-1
GSM494000,-1
GSM483368,-1
GSM483369,-1
GSM624943,-1
GSM483366,-1
GSM483367,-1
GSM624942,-1
GSM673964,-1
GSM230274,-1
GSM230275,-1
GSM230276,-1
GSM230277,-1
GSM230278,-1
GSM125028,-1
GSM125029,-1
GSM125026,-1
GSM125027,-1
GSM125024,-1
GSM125025,-1
GSM125022,-1
GSM125023,-1
GSM125020,-1
GSM125021,-1
GSM642851,-1
GSM642850,-1
GSM447155,-1
GSM447157,-1
GSM447156,-1
GSM447159,-1
GSM447158,-1
GSM538956,-1
GSM538957,-1
GSM475721,-1
GSM161949,-1
GSM161948,-1
GSM161941,-1
GSM161940,-1
GSM161943,-1
GSM161942,-1
GSM161945,-1
GSM161944,-1
GSM161946,-1
GSM475726,-1
GSM158868,-1
GSM158869,-1
GSM158866,-1
GSM158867,-1
GSM158864,-1
GSM158865,-1
GSM158862,-1
GSM158863,-1
GSM158860,-1
GSM158861,-1
GSM244468,-1
GSM244469,-1
GSM244467,-1
GSM103559,-1
GSM528883,-1
GSM528882,-1
GSM647607,-1
GSM429425,-1
GSM429424,-1
GSM429427,-1
GSM494242,-1
GSM429421,-1
GSM494244,-1
GSM429423,-1
GSM429422,-1
GSM494249,-1
GSM494248,-1
GSM429429,-1
GSM281298,-1
GSM281299,-1
GSM647606,-1
GSM281292,-1
GSM281293,-1
GSM281290,-1
GSM281291,-1
GSM281296,-1
GSM281297,-1
GSM281294,-1
GSM281295,-1
GSM243275,-1
GSM471968,-1
GSM682027,-1
GSM682028,-1
GSM682029,-1
GSM461069,-1
GSM461068,-1
GSM461061,-1
GSM461060,-1
GSM461063,-1
GSM461062,-1
GSM461065,-1
GSM461064,-1
GSM523275,-1
GSM523274,-1
GSM467030,-1
GSM467031,-1
GSM467032,-1
GSM467033,-1
GSM467034,-1
GSM467035,-1
GSM467036,-1
GSM467037,-1
GSM287298,-1
GSM287299,-1
GSM494230,-1
GSM494231,-1
GSM322270,-1
GSM322271,-1
GSM322272,-1
GSM322273,-1
GSM322274,-1
GSM322275,-1
GSM322276,-1
GSM322277,-1
GSM494232,-1
GSM494233,-1
GSM472145,-1
GSM553449,-1
GSM553448,-1
GSM553445,-1
GSM553444,-1
GSM553447,-1
GSM553446,-1
GSM553443,-1
GSM553442,-1
GSM525369,-1
GSM525368,-1
GSM525363,-1
GSM525362,-1
GSM525365,-1
GSM525364,-1
GSM525367,-1
GSM525366,-1
GSM472141,-1
GSM400741,-1
GSM400740,-1
GSM400743,-1
GSM400742,-1
GSM400745,-1
GSM400744,-1
GSM400747,-1
GSM400746,-1
GSM400749,-1
GSM400748,-1
GSM249675,-1
GSM249676,-1
GSM249677,-1
GSM407249,-1
GSM401166,-1
GSM401167,-1
GSM401164,-1
GSM401165,-1
GSM401162,-1
GSM401163,-1
GSM401160,-1
GSM401161,-1
GSM261148,-1
GSM261149,-1
GSM261144,-1
GSM261145,-1
GSM261146,-1
GSM261147,-1
GSM261140,-1
GSM261141,-1
GSM381260,-1
GSM381261,-1
GSM381262,-1
GSM381263,-1
GSM381264,-1
GSM381265,-1
GSM381266,-1
GSM381267,-1
GSM381268,-1
GSM381269,-1
GSM465918,-1
GSM301592,-1
GSM301593,-1
GSM301590,-1
GSM301591,-1
GSM301596,-1
GSM301597,-1
GSM301594,-1
GSM301595,-1
GSM648659,-1
GSM648658,-1
GSM648655,-1
GSM648654,-1
GSM648657,-1
GSM648656,-1
GSM648651,-1
GSM648650,-1
GSM648653,-1
GSM648652,-1
GSM387308,-1
GSM427809,-1
GSM107866,0
GSM107867,0
GSM107864,0
GSM107865,0
GSM107862,0
GSM107863,0
GSM107860,0
GSM107861,0
GSM422979,-1
GSM422973,-1
GSM422971,-1
GSM422977,-1
GSM422975,-1
GSM423001,-1
GSM423003,-1
GSM423005,-1
GSM423007,-1
GSM423009,-1
GSM721004,-1
GSM146201,-1
GSM146200,-1
GSM428945,-1
GSM428944,-1
GSM428947,-1
GSM428946,-1
GSM428941,-1
GSM428940,-1
GSM428943,-1
GSM428942,-1
GSM466950,-1
GSM466951,-1
GSM466952,-1
GSM466953,-1
GSM428949,-1
GSM428948,-1
GSM466956,-1
GSM466957,-1
GSM668109,-1
GSM668108,-1
GSM668107,-1
GSM668106,-1
GSM668105,-1
GSM668104,-1
GSM668103,-1
GSM668102,-1
GSM668101,-1
GSM466228,-1
GSM466229,-1
GSM466222,-1
GSM466223,-1
GSM466220,-1
GSM466221,-1
GSM466226,-1
GSM466227,-1
GSM466224,-1
GSM466225,-1
GSM388586,-1
GSM388587,-1
GSM388584,-1
GSM388585,-1
GSM388583,-1
GSM388588,-1
GSM388589,-1
GSM388630,-1
GSM388631,-1
GSM388632,-1
GSM528858,-1
GSM528859,-1
GSM528850,-1
GSM528851,-1
GSM528852,-1
GSM528853,-1
GSM528854,-1
GSM528855,-1
GSM528856,-1
GSM528857,-1
GSM276058,-1
GSM276059,-1
GSM276056,-1
GSM276054,-1
GSM276055,-1
GSM276052,-1
GSM276053,-1
GSM276050,-1
GSM276051,-1
GSM272994,-1
GSM651861,-1
GSM523288,-1
GSM523289,-1
GSM523284,-1
GSM523285,-1
GSM523286,-1
GSM523287,-1
GSM523280,-1
GSM523281,-1
GSM523282,-1
GSM523283,-1
GSM446039,-1
GSM446038,-1
GSM446031,-1
GSM446030,-1
GSM446033,-1
GSM446032,-1
GSM446035,-1
GSM446034,-1
GSM446037,-1
GSM446036,-1
GSM239618,-1
GSM239617,-1
GSM249739,-1
GSM249738,-1
GSM249731,-1
GSM249730,-1
GSM249733,-1
GSM249732,-1
GSM249735,-1
GSM249734,-1
GSM249737,-1
GSM249736,-1
GSM447638,-1
GSM447639,-1
GSM447630,-1
GSM447631,-1
GSM447632,-1
GSM447633,-1
GSM447634,-1
GSM447635,-1
GSM447636,-1
GSM447637,-1
GSM467023,-1
GSM467022,-1
GSM467021,-1
GSM467020,-1
GSM651863,-1
GSM261269,-1
GSM261268,-1
GSM261261,-1
GSM261260,-1
GSM261265,-1
GSM261264,-1
GSM261267,-1
GSM261266,-1
GSM287429,-1
GSM287428,-1
GSM475659,-1
GSM287421,-1
GSM287420,-1
GSM97894,0
GSM281001,-1
GSM281000,-1
GSM281007,-1
GSM281006,-1
GSM281009,-1
GSM281008,-1
GSM312845,-1
GSM234847,-1
GSM234843,-1
GSM280839,-1
GSM280838,-1
GSM280837,-1
GSM280836,-1
GSM252173,-1
GSM252172,-1
GSM252171,-1
GSM252170,-1
GSM646794,-1
GSM286864,-1
GSM286865,-1
GSM286866,-1
GSM286867,-1
GSM286860,-1
GSM286861,-1
GSM286862,-1
GSM286863,-1
GSM286868,-1
GSM286869,-1
GSM257673,-1
GSM257672,-1
GSM257671,-1
GSM257670,-1
GSM85511,-1
GSM366072,-1
GSM366070,-1
GSM366071,-1
GSM247672,0
GSM247673,0
GSM247676,0
GSM85517,-1
GSM337544,-1
GSM337545,-1
GSM337540,-1
GSM337542,-1
GSM337543,-1
GSM452179,-1
GSM452178,-1
GSM452175,-1
GSM452174,-1
GSM452177,-1
GSM452176,-1
GSM452170,-1
GSM452173,-1
GSM452172,-1
GSM272171,-1
GSM272170,-1
GSM272173,-1
GSM272172,-1
GSM272175,-1
GSM272174,-1
GSM272177,-1
GSM272176,-1
GSM272179,-1
GSM272178,-1
GSM158998,-1
GSM158999,-1
GSM158992,-1
GSM158993,-1
GSM158990,-1
GSM158991,-1
GSM158996,-1
GSM158997,-1
GSM158994,-1
GSM158995,-1
GSM494089,-1
GSM494088,-1
GSM159119,-1
GSM159118,-1
GSM159115,-1
GSM159117,-1
GSM159116,-1
GSM159111,-1
GSM159110,-1
GSM159113,-1
GSM159112,-1
GSM262174,-1
GSM262175,-1
GSM262176,-1
GSM262177,-1
GSM262170,-1
GSM262171,-1
GSM262172,-1
GSM262173,-1
GSM483358,-1
GSM262178,-1
GSM262179,-1
GSM287355,-1
GSM287354,-1
GSM287357,-1
GSM287356,-1
GSM287351,-1
GSM287350,-1
GSM287353,-1
GSM287352,-1
GSM287359,-1
GSM287358,-1
GSM231639,-1
GSM231638,-1
GSM231633,-1
GSM231632,-1
GSM231631,-1
GSM231630,-1
GSM231637,-1
GSM231636,-1
GSM231635,-1
GSM231634,-1
GSM455119,-1
GSM95498,-1
GSM508902,-1
GSM508903,-1
GSM387248,-1
GSM387249,-1
GSM387244,-1
GSM387245,-1
GSM387246,-1
GSM387247,-1
GSM387240,-1
GSM387241,-1
GSM387242,-1
GSM387243,-1
GSM95499,-1
GSM516688,-1
GSM371766,-1
GSM201279,-1
GSM239408,-1
GSM239409,-1
GSM239404,-1
GSM239405,-1
GSM239406,-1
GSM239407,-1
GSM239400,-1
GSM239401,-1
GSM239402,-1
GSM239403,-1
GSM516680,-1
GSM516681,-1
GSM249853,-1
GSM371769,-1
GSM516684,-1
GSM516685,-1
GSM516686,-1
GSM516687,-1
GSM197218,-1
GSM197219,-1
GSM197214,-1
GSM197215,-1
GSM197216,-1
GSM197217,-1
GSM197210,-1
GSM197211,-1
GSM197212,-1
GSM197213,-1
GSM730677,-1
GSM646768,-1
GSM646765,-1
GSM359568,-1
GSM359569,-1
GSM359566,-1
GSM359567,-1
GSM359564,-1
GSM359565,-1
GSM359562,-1
GSM359563,-1
GSM359560,-1
GSM359561,-1
GSM730678,-1
GSM306878,-1
GSM306879,-1
GSM306875,-1
GSM306876,-1
GSM306877,-1
GSM97852,0
GSM97853,0
GSM97850,0
GSM97851,0
GSM575669,-1
GSM575668,-1
GSM97854,0
GSM97855,0
GSM575665,-1
GSM575664,-1
GSM575667,-1
GSM575666,-1
GSM575661,-1
GSM575660,-1
GSM575663,-1
GSM575662,-1
GSM350165,-1
GSM350164,-1
GSM350167,-1
GSM350166,-1
GSM350161,-1
GSM350160,-1
GSM350163,-1
GSM350162,-1
GSM350169,-1
GSM350168,-1
GSM545660,-1
GSM545661,-1
GSM545664,-1
GSM455118,-1
GSM407246,-1
GSM421932,-1
GSM421931,-1
GSM421930,-1
GSM97893,0
GSM132736,0
GSM132733,0
GSM132730,0
GSM132738,0
GSM187158,0
GSM187159,0
GSM187156,0
GSM187157,0
GSM187154,0
GSM187155,0
GSM187153,0
GSM234849,-1
GSM234848,-1
GSM234846,-1
GSM234845,-1
GSM234844,-1
GSM234842,-1
GSM234841,-1
GSM234840,-1
GSM407137,-1
GSM407136,-1
GSM407135,-1
GSM407134,-1
GSM407133,-1
GSM407132,-1
GSM407131,-1
GSM407130,-1
GSM407139,-1
GSM407138,-1
GSM298778,-1
GSM298776,-1
GSM141549,-1
GSM141548,-1
GSM141543,-1
GSM141547,-1
GSM141546,-1
GSM141545,-1
GSM141544,-1
GSM562108,-1
GSM562105,-1
GSM562106,-1
GSM562107,-1
GSM494160,-1
GSM494161,-1
GSM494162,-1
GSM494163,-1
GSM494164,-1
GSM494165,-1
GSM494166,-1
GSM494167,-1
GSM494168,-1
GSM494169,-1
GSM262031,-1
GSM262030,-1
GSM262033,-1
GSM262032,-1
GSM262035,-1
GSM262034,-1
GSM262037,-1
GSM262036,-1
GSM262039,-1
GSM262038,-1
GSM342830,-1
GSM342831,-1
GSM342835,-1
GSM342836,-1
GSM350365,-1
GSM350364,-1
GSM350363,-1
GSM350362,-1
GSM350361,-1
GSM350360,-1
GSM387169,-1
GSM387168,-1
GSM387161,-1
GSM387160,-1
GSM387163,-1
GSM387162,-1
GSM387165,-1
GSM387164,-1
GSM387167,-1
GSM387166,-1
GSM119653,0
GSM119656,0
GSM119657,0
GSM119654,0
GSM119655,0
GSM143552,-1
GSM143553,-1
GSM119658,0
GSM143551,-1
GSM143550,-1
GSM119659,0
GSM119380,-1
GSM119381,-1
GSM119382,-1
GSM119383,-1
GSM187219,0
GSM187218,0
GSM187211,0
GSM272139,-1
GSM187213,0
GSM187212,0
GSM187215,0
GSM187214,0
GSM187217,0
GSM272138,-1
GSM720988,-1
GSM720989,-1
GSM395791,-1
GSM395790,-1
GSM720986,-1
GSM395792,-1
GSM720980,-1
GSM720981,-1
GSM720982,-1
GSM720983,-1
GSM320609,-1
GSM93932,-1
GSM93939,-1
GSM93938,-1
GSM264316,-1
GSM264317,-1
GSM264314,-1
GSM264315,-1
GSM264313,-1
GSM449269,-1
GSM449268,-1
GSM449265,-1
GSM449264,-1
GSM449267,-1
GSM449266,-1
GSM449261,-1
GSM449260,-1
GSM449263,-1
GSM449262,-1
GSM472137,-1
GSM472136,-1
GSM472135,-1
GSM472134,-1
GSM472133,-1
GSM472132,-1
GSM472131,-1
GSM472139,-1
GSM472138,-1
GSM531665,-1
GSM531667,-1
GSM531666,-1
GSM189461,-1
GSM189462,-1
GSM357859,-1
GSM357851,-1
GSM187210,0
GSM306939,-1
GSM306938,-1
GSM306931,-1
GSM306930,-1
GSM306933,-1
GSM187216,0
GSM306935,-1
GSM306934,-1
GSM306937,-1
GSM306936,-1
GSM107523,-1
GSM107522,-1
GSM107527,-1
GSM107526,-1
GSM107525,-1
GSM107524,-1
GSM107529,-1
GSM107528,-1
GSM624972,-1
GSM624971,-1
GSM333450,-1
GSM465209,-1
GSM465208,-1
GSM281399,-1
GSM281398,-1
GSM465205,-1
GSM333456,-1
GSM465207,-1
GSM465206,-1
GSM465201,-1
GSM465200,-1
GSM465203,-1
GSM465202,-1
GSM720984,-1
GSM720985,-1
GSM498704,-1
GSM498705,-1
GSM498706,-1
GSM498702,-1
GSM498703,-1
GSM720987,-1
GSM516745,-1
GSM251888,-1
GSM251889,-1
GSM516742,-1
GSM516749,-1
GSM251887,-1
GSM514672,-1
GSM514671,-1
GSM514670,-1
GSM371375,-1
GSM371374,-1
GSM371377,-1
GSM371376,-1
GSM371373,-1
GSM711615,-1
GSM134950,-1
GSM134951,-1
GSM377339,-1
GSM377338,-1
GSM550835,-1
GSM550834,-1
GSM550837,-1
GSM550836,-1
GSM550831,-1
GSM550830,-1
GSM550833,-1
GSM550832,-1
GSM550839,-1
GSM550838,-1
GSM520526,0
GSM559059,-1
GSM494827,-1
GSM494826,-1
GSM494829,-1
GSM494828,-1
GSM523358,-1
GSM523359,-1
GSM578954,-1
GSM578955,-1
GSM578956,-1
GSM578957,-1
GSM578950,-1
GSM578952,-1
GSM352828,-1
GSM352829,-1
GSM352826,-1
GSM352827,-1
GSM352824,-1
GSM352825,-1
GSM352822,-1
GSM352823,-1
GSM352820,-1
GSM352821,-1
GSM439778,0
GSM439779,0
GSM535614,-1
GSM535615,-1
GSM535616,-1
GSM535617,-1
GSM535613,-1
GSM491206,-1
GSM491207,-1
GSM491204,-1
GSM491205,-1
GSM491202,-1
GSM491203,-1
GSM491200,-1
GSM491201,-1
GSM494598,-1
GSM494594,-1
GSM410758,-1
GSM450705,-1
GSM410751,-1
GSM350311,-1
GSM410750,-1
GSM95494,-1
GSM95495,-1
GSM312819,-1
GSM312818,-1
GSM312817,-1
GSM312816,-1
GSM312815,-1
GSM312814,-1
GSM312813,-1
GSM312812,-1
GSM312811,-1
GSM720993,-1
GSM720992,-1
GSM494620,-1
GSM258588,-1
GSM258589,-1
GSM258584,-1
GSM258585,-1
GSM258586,-1
GSM258587,-1
GSM258580,-1
GSM258581,-1
GSM258582,-1
GSM258583,-1
GSM244510,-1
GSM244511,-1
GSM158912,-1
GSM158913,-1
GSM158910,-1
GSM158911,-1
GSM158916,-1
GSM158917,-1
GSM158914,-1
GSM158915,-1
GSM158918,-1
GSM158919,-1
GSM320640,-1
GSM624847,-1
GSM491185,-1
GSM491184,-1
GSM491187,-1
GSM491186,-1
GSM491181,-1
GSM491180,-1
GSM491183,-1
GSM491182,-1
GSM491189,-1
GSM491188,-1
GSM531654,-1
GSM531655,-1
GSM140249,-1
GSM140248,-1
GSM140247,-1
GSM140246,-1
GSM140245,-1
GSM140244,-1
GSM140241,-1
GSM140240,-1
GSM494077,-1
GSM647623,-1
GSM493995,-1
GSM647622,-1
GSM647625,-1
GSM647624,-1
GSM647627,-1
GSM494071,-1
GSM494669,-1
GSM494668,-1
GSM494663,-1
GSM494662,-1
GSM494661,-1
GSM494660,-1
GSM494667,-1
GSM494666,-1
GSM494665,-1
GSM494664,-1
GSM651868,-1
GSM651869,-1
GSM651860,-1
GSM651862,-1
GSM651865,-1
GSM155643,-1
GSM155644,-1
GSM413563,-1
GSM413562,-1
GSM413565,-1
GSM413564,-1
GSM413566,-1
GSM373324,-1
GSM523384,-1
GSM523386,-1
GSM523381,-1
GSM523380,-1
GSM551195,-1
GSM551197,-1
GSM551196,-1
GSM18448,-1
GSM488011,0
GSM488010,0
GSM488013,0
GSM488012,0
GSM488015,0
GSM488014,0
GSM488017,0
GSM488016,0
GSM488019,0
GSM488018,0
GSM483438,-1
GSM483439,-1
GSM483436,-1
GSM483437,-1
GSM483434,-1
GSM483435,-1
GSM483432,-1
GSM483433,-1
GSM483430,-1
GSM483431,-1
GSM189460,-1
GSM531663,-1
GSM189463,-1
GSM351345,-1
GSM531669,-1
GSM726209,-1
GSM726208,-1
GSM342676,-1
GSM342675,-1
GSM342670,-1
GSM342671,-1
GSM432177,-1
GSM432176,-1
GSM432175,-1
GSM432179,-1
GSM432178,-1
GSM530671,-1
GSM530670,-1
GSM530673,-1
GSM530672,-1
GSM253709,-1
GSM253708,-1
GSM253707,-1
GSM253706,-1
GSM253705,-1
GSM253704,-1
GSM253703,-1
GSM253702,-1
GSM253701,-1
GSM253700,-1
GSM483379,-1
GSM483378,-1
GSM483371,-1
GSM483370,-1
GSM483373,-1
GSM483372,-1
GSM483375,-1
GSM483374,-1
GSM483377,-1
GSM483376,-1
GSM647528,-1
GSM306932,-1
GSM97901,0
GSM97904,0
GSM280957,-1
GSM449179,-1
GSM449178,-1
GSM449171,-1
GSM449170,-1
GSM449173,-1
GSM449175,-1
GSM449174,-1
GSM449177,-1
GSM449176,-1
GSM97906,0
GSM97907,0
GSM259399,-1
GSM258045,-1
GSM258044,-1
GSM258047,-1
GSM258046,-1
GSM258043,-1
GSM258048,-1
GSM244499,-1
GSM244498,-1
GSM244497,-1
GSM244496,-1
GSM244495,-1
GSM244494,-1
GSM244493,-1
GSM244492,-1
GSM244491,-1
GSM244490,-1
GSM158899,-1
GSM158898,-1
GSM158897,-1
GSM158896,-1
GSM158895,-1
GSM158894,-1
GSM158893,-1
GSM158892,-1
GSM158891,-1
GSM158890,-1
GSM624974,-1
GSM158765,-1
GSM158764,-1
GSM158767,-1
GSM158766,-1
GSM158761,-1
GSM158760,-1
GSM158763,-1
GSM158762,-1
GSM158769,-1
GSM158768,-1
GSM624973,-1
GSM381196,-1
GSM381197,-1
GSM381194,-1
GSM381195,-1
GSM381198,-1
GSM381199,-1
GSM287416,-1
GSM287417,-1
GSM287414,-1
GSM287415,-1
GSM287412,-1
GSM287413,-1
GSM287410,-1
GSM287411,-1
GSM287418,-1
GSM287419,-1
GSM422969,-1
GSM249878,-1
GSM249879,-1
GSM249876,-1
GSM249877,-1
GSM249874,-1
GSM249875,-1
GSM249872,-1
GSM249870,-1
GSM249871,-1
GSM347681,-1
GSM347684,-1
GSM152002,-1
GSM152003,-1
GSM152006,-1
GSM152007,-1
GSM152004,-1
GSM152005,-1
GSM152009,-1
GSM465204,-1
GSM388120,-1
GSM388121,-1
GSM388122,-1
GSM388123,-1
GSM388124,-1
GSM388125,-1
GSM388126,-1
GSM388127,-1
GSM388128,-1
GSM388129,-1
GSM297868,-1
GSM297869,-1
GSM297866,-1
GSM297867,-1
GSM297864,-1
GSM297865,-1
GSM297862,-1
GSM297863,-1
GSM297860,-1
GSM297861,-1
GSM386250,-1
GSM386251,-1
GSM386252,-1
GSM386253,-1
GSM386254,-1
GSM386255,-1
GSM386256,-1
GSM386257,-1
GSM386258,-1
GSM386259,-1
GSM721022,-1
GSM721023,-1
GSM279060,-1
GSM528842,-1
GSM279061,-1
GSM60599,-1
GSM300248,-1
GSM300243,-1
GSM239720,-1
GSM239723,-1
GSM239725,-1
GSM306168,-1
GSM239726,-1
GSM306166,-1
GSM306167,-1
GSM306164,-1
GSM306165,-1
GSM306162,-1
GSM306163,-1
GSM306161,-1
GSM151968,-1
GSM151969,-1
GSM151962,-1
GSM151963,-1
GSM151964,-1
GSM151965,-1
GSM151966,-1
GSM151967,-1
GSM431129,-1
GSM431128,-1
GSM431127,-1
GSM18479,-1
GSM18478,-1
GSM18477,-1
GSM352738,-1
GSM352739,-1
GSM352736,-1
GSM352737,-1
GSM352734,-1
GSM352735,-1
GSM352733,-1
GSM390173,-1
GSM390170,-1
GSM390171,-1
GSM432146,-1
GSM662772,-1
GSM326352,-1
GSM326351,-1
GSM326350,-1
GSM320214,-1
GSM320215,-1
GSM320216,-1
GSM320217,-1
GSM320213,-1
GSM320218,-1
GSM320219,-1
GSM662770,-1
GSM146173,-1
GSM146172,-1
GSM146171,-1
GSM146170,-1
GSM146177,-1
GSM146176,-1
GSM146175,-1
GSM146174,-1
GSM146179,-1
GSM146178,-1
GSM483390,-1
GSM648688,-1
GSM648689,-1
GSM648682,-1
GSM371379,-1
GSM648680,-1
GSM648681,-1
GSM648686,-1
GSM648687,-1
GSM648684,-1
GSM371378,-1
GSM281317,-1
GSM281316,-1
GSM281315,-1
GSM281314,-1
GSM281313,-1
GSM281312,-1
GSM281311,-1
GSM281310,-1
GSM281319,-1
GSM281318,-1
GSM726241,-1
GSM726243,-1
GSM726242,-1
GSM726245,-1
GSM726244,-1
GSM726246,-1
GSM371666,-1
GSM371665,-1
GSM371660,-1
GSM280941,-1
GSM280940,-1
GSM280943,-1
GSM280942,-1
GSM280947,-1
GSM280946,-1
GSM280948,-1
GSM465915,-1
GSM465914,-1
GSM465917,-1
GSM465916,-1
GSM465913,-1
GSM465912,-1
GSM445980,-1
GSM445981,-1
GSM445982,-1
GSM445983,-1
GSM445984,-1
GSM445985,-1
GSM445986,-1
GSM445987,-1
GSM379869,0
GSM379868,0
GSM379861,0
GSM379860,0
GSM379863,0
GSM379862,0
GSM379865,0
GSM379864,0
GSM379867,0
GSM379866,0
GSM321608,-1
GSM317738,-1
GSM321605,-1
GSM321606,-1
GSM321607,-1
GSM693844,-1
GSM693845,-1
GSM693846,-1
GSM693847,-1
GSM693848,-1
GSM693849,-1
GSM492479,-1
GSM726186,-1
GSM673993,-1
GSM159021,-1
GSM159020,-1
GSM159023,-1
GSM159022,-1
GSM159025,-1
GSM159024,-1
GSM159027,-1
GSM159026,-1
GSM159029,-1
GSM159028,-1
GSM726215,-1
GSM609393,-1
GSM609392,-1
GSM609391,-1
GSM609390,-1
GSM609397,-1
GSM609396,-1
GSM609395,-1
GSM609394,-1
GSM609399,-1
GSM609398,-1
GSM387088,-1
GSM387082,-1
GSM387083,-1
GSM387080,-1
GSM387081,-1
GSM387086,-1
GSM387087,-1
GSM387084,-1
GSM387085,-1
GSM350248,-1
GSM350249,-1
GSM350240,-1
GSM350241,-1
GSM350242,-1
GSM350243,-1
GSM350244,-1
GSM350245,-1
GSM350246,-1
GSM350247,-1
GSM272940,-1
GSM272941,-1
GSM272942,-1
GSM272943,-1
GSM272944,-1
GSM272945,-1
GSM272946,-1
GSM272947,-1
GSM272948,-1
GSM272949,-1
GSM703794,-1
GSM703795,-1
GSM703792,-1
GSM703793,-1
GSM703790,-1
GSM703791,-1
GSM480451,0
GSM480450,0
GSM480453,0
GSM480452,0
GSM480455,0
GSM480457,0
GSM480456,0
GSM312895,-1
GSM312894,-1
GSM312893,-1
GSM122528,-1
GSM312890,-1
GSM122527,-1
GSM449300,-1
GSM466232,-1
GSM447689,-1
GSM447688,-1
GSM447681,-1
GSM447680,-1
GSM447683,-1
GSM447682,-1
GSM447685,-1
GSM447684,-1
GSM447687,-1
GSM447686,-1
GSM472059,-1
GSM97926,0
GSM97927,0
GSM97924,0
GSM97925,0
GSM97922,0
GSM97923,0
GSM97920,0
GSM97921,0
GSM97928,0
GSM97929,0
GSM468321,-1
GSM468320,-1
GSM468325,-1
GSM468324,-1
GSM468327,-1
GSM468326,-1
GSM468329,-1
GSM468328,-1
GSM494559,-1
GSM494558,-1
GSM494557,-1
GSM494556,-1
GSM389794,-1
GSM389790,-1
GSM389791,-1
GSM389792,-1
GSM389793,-1
GSM673972,-1
GSM673973,-1
GSM673970,-1
GSM673971,-1
GSM673976,-1
GSM673977,-1
GSM673974,-1
GSM673975,-1
GSM673978,-1
GSM673979,-1
GSM523309,-1
GSM523308,-1
GSM523305,-1
GSM523304,-1
GSM523307,-1
GSM523306,-1
GSM523301,-1
GSM523303,-1
GSM523302,-1
GSM468337,-1
GSM450708,-1
GSM450709,-1
GSM450700,-1
GSM450701,-1
GSM450702,-1
GSM450703,-1
GSM450704,-1
GSM450706,-1
GSM450707,-1
GSM377470,-1
GSM201849,-1
GSM336628,-1
GSM553603,-1
GSM553602,-1
GSM156184,-1
GSM156181,-1
GSM156180,-1
GSM261302,-1
GSM261303,-1
GSM261300,-1
GSM261301,-1
GSM261306,-1
GSM261307,-1
GSM261304,-1
GSM261305,-1
GSM261308,-1
GSM261309,-1
GSM472094,-1
GSM472095,-1
GSM472096,-1
GSM472097,-1
GSM472090,-1
GSM472091,-1
GSM472092,-1
GSM472093,-1
GSM472098,-1
GSM472099,-1
GSM528847,-1
GSM528846,-1
GSM528845,-1
GSM528844,-1
GSM528843,-1
GSM528841,-1
GSM528840,-1
GSM74886,-1
GSM74887,-1
GSM74884,-1
GSM74885,-1
GSM74882,-1
GSM74883,-1
GSM74880,-1
GSM74881,-1
GSM74888,-1
GSM74889,-1
GSM528849,-1
GSM528848,-1
GSM480002,-1
GSM230248,-1
GSM480003,-1
GSM432988,-1
GSM432986,-1
GSM432987,-1
GSM432984,-1
GSM432985,-1
GSM432982,-1
GSM432983,-1
GSM432980,-1
GSM432981,-1
GSM125057,-1
GSM125056,-1
GSM125055,-1
GSM125054,-1
GSM125053,-1
GSM125052,-1
GSM125051,-1
GSM125050,-1
GSM125059,-1
GSM125058,-1
GSM480001,-1
GSM480006,-1
GSM445966,-1
GSM445967,-1
GSM445964,-1
GSM445965,-1
GSM445962,-1
GSM445963,-1
GSM445960,-1
GSM445961,-1
GSM445968,-1
GSM445969,-1
GSM447238,-1
GSM447239,-1
GSM447234,-1
GSM447236,-1
GSM447237,-1
GSM447232,-1
GSM447233,-1
GSM290418,-1
GSM290419,-1
GSM290412,-1
GSM290413,-1
GSM290410,-1
GSM290411,-1
GSM290416,-1
GSM290417,-1
GSM290414,-1
GSM290415,-1
GSM407099,-1
GSM280354,-1
GSM280350,-1
GSM280351,-1
GSM280352,-1
GSM280353,-1
GSM281407,-1
GSM281406,-1
GSM281405,-1
GSM281404,-1
GSM281403,-1
GSM281402,-1
GSM281401,-1
GSM281400,-1
GSM281409,-1
GSM281408,-1
GSM158817,-1
GSM158816,-1
GSM158815,-1
GSM158814,-1
GSM158813,-1
GSM158812,-1
GSM158811,-1
GSM158810,-1
GSM97889,0
GSM97888,0
GSM575648,-1
GSM158819,-1
GSM158818,-1
GSM289651,-1
GSM578895,-1
GSM578894,-1
GSM578897,-1
GSM578896,-1
GSM578891,-1
GSM578890,-1
GSM578893,-1
GSM578892,-1
GSM97799,0
GSM97798,0
GSM498674,-1
GSM498675,-1
GSM498676,-1
GSM498677,-1
GSM498678,-1
GSM498679,-1
GSM494270,-1
GSM132744,0
GSM388432,-1
GSM388433,-1
GSM388430,-1
GSM388431,-1
GSM388436,-1
GSM388437,-1
GSM388434,-1
GSM388435,-1
GSM494274,-1
GSM388438,-1
GSM494275,-1
GSM494276,-1
GSM494277,-1
GSM647561,-1
GSM467009,-1
GSM467008,-1
GSM467001,-1
GSM467000,-1
GSM467003,-1
GSM467002,-1
GSM467005,-1
GSM467004,-1
GSM467007,-1
GSM467006,-1
GSM276214,-1
GSM276215,-1
GSM276216,-1
GSM276217,-1
GSM276210,-1
GSM276211,-1
GSM276212,-1
GSM276213,-1
GSM276218,-1
GSM276219,-1
GSM272249,-1
GSM272248,-1
GSM400792,-1
GSM400793,-1
GSM400790,-1
GSM400791,-1
GSM272243,-1
GSM272242,-1
GSM272241,-1
GSM272240,-1
GSM272247,-1
GSM272246,-1
GSM272245,-1
GSM272244,-1
GSM446145,-1
GSM446144,-1
GSM446147,-1
GSM446146,-1
GSM446141,-1
GSM446140,-1
GSM446143,-1
GSM446142,-1
GSM446149,-1
GSM446148,-1
GSM342733,-1
GSM342735,-1
GSM342734,-1
GSM342739,-1
GSM407218,-1
GSM407219,-1
GSM407212,-1
GSM407210,-1
GSM407211,-1
GSM407216,-1
GSM407217,-1
GSM407214,-1
GSM407215,-1
GSM401113,-1
GSM257957,-1
GSM261174,-1
GSM261177,-1
GSM261176,-1
GSM261171,-1
GSM261170,-1
GSM261173,-1
GSM261172,-1
GSM261178,-1
GSM472111,-1
GSM472110,-1
GSM475729,-1
GSM419158,-1
GSM300168,-1
GSM300169,-1
GSM646769,-1
GSM645720,-1
GSM645721,-1
GSM439801,0
GSM439807,0
GSM358293,-1
GSM358292,-1
GSM358291,-1
GSM358290,-1
GSM358294,-1
GSM240031,-1
GSM240030,-1
GSM159142,-1
GSM234920,-1
GSM234921,-1
GSM234922,-1
GSM234923,-1
GSM234924,-1
GSM234925,-1
GSM234926,-1
GSM234927,-1
GSM575703,-1
GSM159141,-1
GSM466961,-1
GSM466960,-1
GSM466963,-1
GSM466962,-1
GSM466965,-1
GSM466964,-1
GSM466967,-1
GSM466966,-1
GSM466969,-1
GSM466968,-1
GSM306199,-1
GSM249933,-1
GSM249932,-1
GSM249930,-1
GSM249936,-1
GSM249934,-1
GSM249939,-1
GSM419147,-1
GSM419146,-1
GSM419149,-1
GSM419148,-1
GSM452277,-1
GSM388605,-1
GSM388604,-1
GSM388607,-1
GSM388606,-1
GSM388601,-1
GSM388600,-1
GSM388603,-1
GSM388609,-1
GSM388608,-1
GSM452279,-1
GSM262105,-1
GSM262104,-1
GSM528861,-1
GSM528860,-1
GSM528863,-1
GSM528862,-1
GSM528866,-1
GSM528869,-1
GSM528868,-1
GSM262109,-1
GSM262108,-1
GSM276026,-1
GSM276025,-1
GSM276024,-1
GSM276023,-1
GSM276022,-1
GSM276021,-1
GSM276020,-1
GSM276029,-1
GSM276028,-1
GSM306203,-1
GSM306207,-1
GSM306209,-1
GSM306208,-1
GSM60925,-1
GSM172413,-1
GSM172412,-1
GSM172411,-1
GSM172410,-1
GSM172417,-1
GSM172416,-1
GSM172415,-1
GSM172414,-1
GSM197180,-1
GSM197181,-1
GSM172419,-1
GSM172418,-1
GSM197184,-1
GSM197185,-1
GSM197186,-1
GSM197187,-1
GSM318082,-1
GSM318083,-1
GSM318080,-1
GSM318081,-1
GSM318086,-1
GSM318087,-1
GSM318084,-1
GSM318085,-1
GSM318088,-1
GSM318089,-1
GSM475688,-1
GSM475684,-1
GSM475686,-1
GSM475680,-1
GSM475682,-1
GSM230425,-1
GSM132765,0
GSM426510,-1
GSM280866,-1
GSM280867,-1
GSM280864,-1
GSM280865,-1
GSM267047,-1
GSM267046,-1
GSM267045,-1
GSM250940,-1
GSM250941,-1
GSM250942,-1
GSM286859,-1
GSM286858,-1
GSM286855,-1
GSM286854,-1
GSM286857,-1
GSM286856,-1
GSM286853,-1
GSM286852,-1
GSM662648,-1
GSM662649,-1
GSM662646,-1
GSM662647,-1
GSM662644,-1
GSM662645,-1
GSM662642,-1
GSM662643,-1
GSM662640,-1
GSM662641,-1
GSM407083,-1
GSM407082,-1
GSM407081,-1
GSM407080,-1
GSM407087,-1
GSM407086,-1
GSM407085,-1
GSM407084,-1
GSM407089,-1
GSM407088,-1
GSM347649,-1
GSM347644,-1
GSM347646,-1
GSM262076,-1
GSM347642,-1
GSM361369,-1
GSM361368,-1
GSM361367,-1
GSM361366,-1
GSM361365,-1
GSM361364,-1
GSM361363,-1
GSM361362,-1
GSM361361,-1
GSM361360,-1
GSM491228,-1
GSM491229,-1
GSM491224,-1
GSM491225,-1
GSM491226,-1
GSM491227,-1
GSM491220,-1
GSM491221,-1
GSM491222,-1
GSM491223,-1
GSM494058,-1
GSM494059,-1
GSM494054,-1
GSM494055,-1
GSM494056,-1
GSM494057,-1
GSM494050,-1
GSM494051,-1
GSM494052,-1
GSM494053,-1
GSM231660,0
GSM231661,0
GSM231662,0
GSM231663,0
GSM231664,-1
GSM231665,-1
GSM231666,-1
GSM231667,-1
GSM231668,-1
GSM231669,-1
GSM202226,-1
GSM159143,-1
GSM202224,-1
GSM202222,-1
GSM202223,-1
GSM202220,-1
GSM202221,-1
GSM159148,-1
GSM159149,-1
GSM202228,-1
GSM262149,-1
GSM262148,-1
GSM262145,-1
GSM262144,-1
GSM262147,-1
GSM262146,-1
GSM262141,-1
GSM262140,-1
GSM262143,-1
GSM437500,-1
GSM437505,-1
GSM729048,-1
GSM729049,-1
GSM729046,-1
GSM729047,-1
GSM729044,-1
GSM729045,-1
GSM387275,-1
GSM387274,-1
GSM387277,-1
GSM387276,-1
GSM387271,-1
GSM387270,-1
GSM387273,-1
GSM387272,-1
GSM387279,-1
GSM387278,-1
GSM239435,-1
GSM239434,-1
GSM239437,-1
GSM239436,-1
GSM239431,-1
GSM239430,-1
GSM239433,-1
GSM239432,-1
GSM239439,-1
GSM239438,-1
GSM342689,-1
GSM342688,-1
GSM342687,-1
GSM342683,-1
GSM342682,-1
GSM342681,-1
GSM417777,-1
GSM197225,-1
GSM197224,-1
GSM197227,-1
GSM197226,-1
GSM197221,-1
GSM197220,-1
GSM197223,-1
GSM197222,-1
GSM197229,-1
GSM197228,-1
GSM575636,-1
GSM575637,-1
GSM575635,-1
GSM575638,-1
GSM575639,-1
GSM97809,0
GSM188682,-1
GSM188680,-1
GSM97801,0
GSM97800,0
GSM97803,0
GSM97802,0
GSM97805,0
GSM97804,0
GSM97807,0
GSM97806,0
GSM429388,-1
GSM429389,-1
GSM115511,-1
GSM115510,-1
GSM115512,-1
GSM494218,-1
GSM494219,-1
GSM494216,-1
GSM494217,-1
GSM494214,-1
GSM494215,-1
GSM494212,-1
GSM494213,-1
GSM494210,-1
GSM494211,-1
GSM95485,-1
GSM446099,-1
GSM446098,-1
GSM139217,-1
GSM139218,-1
GSM468333,-1
GSM251936,-1
GSM251937,-1
GSM251934,-1
GSM251935,-1
GSM251932,-1
GSM251933,-1
GSM251930,-1
GSM251931,-1
GSM251938,-1
GSM251939,-1
GSM461036,-1
GSM461037,-1
GSM461034,-1
GSM461035,-1
GSM461032,-1
GSM461033,-1
GSM461038,-1
GSM461039,-1
GSM261197,-1
GSM261196,-1
GSM261195,-1
GSM261194,-1
GSM261191,-1
GSM272211,-1
GSM261190,-1
GSM230403,-1
GSM230402,-1
GSM230401,-1
GSM230400,-1
GSM230407,-1
GSM230406,-1
GSM230405,-1
GSM230404,-1
GSM132747,0
GSM230409,-1
GSM230408,-1
GSM132741,0
GSM143910,-1
GSM143914,-1
GSM525336,-1
GSM525337,-1
GSM525334,-1
GSM525335,-1
GSM525332,-1
GSM525333,-1
GSM525330,-1
GSM525331,-1
GSM525338,-1
GSM525339,-1
GSM433787,-1
GSM433786,-1
GSM433789,-1
GSM433788,-1
GSM400718,-1
GSM400719,-1
GSM400716,-1
GSM400717,-1
GSM400714,-1
GSM400715,-1
GSM400712,-1
GSM400713,-1
GSM400710,-1
GSM400711,-1
GSM646772,-1
GSM407292,-1
GSM407293,-1
GSM407290,-1
GSM407291,-1
GSM407296,-1
GSM407297,-1
GSM407294,-1
GSM407295,-1
GSM407298,-1
GSM407299,-1
GSM413571,-1
GSM646773,-1
GSM97849,0
GSM494159,-1
GSM494158,-1
GSM494151,-1
GSM494150,-1
GSM494153,-1
GSM494152,-1
GSM494155,-1
GSM494154,-1
GSM494157,-1
GSM494156,-1
GSM300209,-1
GSM300208,-1
GSM646777,-1
GSM347637,-1
GSM333438,-1
GSM333439,-1
GSM249889,-1
GSM249888,-1
GSM249886,-1
GSM249885,-1
GSM249884,-1
GSM249883,-1
GSM433000,-1
GSM433001,-1
GSM433002,-1
GSM433003,-1
GSM433004,-1
GSM433005,-1
GSM433006,-1
GSM433007,-1
GSM433008,-1
GSM433009,-1
GSM342801,-1
GSM342800,-1
GSM342805,-1
GSM342807,-1
GSM342806,-1
GSM297891,-1
GSM297890,-1
GSM300298,-1
GSM300293,-1
GSM300290,-1
GSM300297,-1
GSM300294,-1
GSM538972,-1
GSM538973,-1
GSM333436,-1
GSM333437,-1
GSM488028,0
GSM488029,0
GSM407257,-1
GSM662664,-1
GSM662669,-1
GSM449232,-1
GSM449233,-1
GSM449230,-1
GSM449231,-1
GSM449236,-1
GSM449237,-1
GSM449234,-1
GSM449235,-1
GSM449238,-1
GSM449239,-1
GSM280993,-1
GSM483393,-1
GSM531638,-1
GSM531639,-1
GSM189459,-1
GSM189458,-1
GSM189455,-1
GSM189454,-1
GSM189457,-1
GSM189456,-1
GSM189451,-1
GSM189450,-1
GSM189453,-1
GSM189452,-1
GSM357861,-1
GSM357860,-1
GSM357863,-1
GSM357862,-1
GSM491610,-1
GSM280999,-1
GSM18431,-1
GSM18436,-1
GSM516710,-1
GSM516715,-1
GSM559616,-1
GSM559617,-1
GSM559618,-1
GSM559619,-1
GSM494241,-1
GSM494240,-1
GSM494243,-1
GSM550868,-1
GSM550869,-1
GSM550862,-1
GSM550863,-1
GSM550860,-1
GSM550861,-1
GSM550866,-1
GSM550867,-1
GSM550864,-1
GSM550865,-1
GSM523839,-1
GSM446066,-1
GSM446067,-1
GSM446064,-1
GSM446065,-1
GSM446062,-1
GSM446063,-1
GSM446060,-1
GSM446061,-1
GSM119357,-1
GSM446068,-1
GSM119356,-1
GSM662778,-1
GSM662779,-1
GSM662775,-1
GSM249766,-1
GSM249767,-1
GSM249762,-1
GSM249763,-1
GSM249760,-1
GSM249769,-1
GSM260671,-1
GSM260670,-1
GSM260673,-1
GSM260672,-1
GSM260675,-1
GSM260674,-1
GSM260677,-1
GSM260676,-1
GSM260679,-1
GSM260678,-1
GSM400699,-1
GSM400698,-1
GSM400693,-1
GSM400692,-1
GSM400691,-1
GSM400690,-1
GSM400695,-1
GSM400694,-1
GSM407313,-1
GSM407312,-1
GSM407311,-1
GSM407310,-1
GSM194079,-1
GSM194078,-1
GSM194075,-1
GSM194077,-1
GSM194076,-1
GSM352857,-1
GSM352856,-1
GSM352855,-1
GSM352854,-1
GSM352853,-1
GSM352852,-1
GSM352851,-1
GSM352850,-1
GSM352859,-1
GSM352858,-1
GSM261236,-1
GSM261237,-1
GSM261234,-1
GSM261235,-1
GSM261232,-1
GSM261233,-1
GSM261230,-1
GSM261231,-1
GSM261238,-1
GSM261239,-1
GSM387565,-1
GSM387567,-1
GSM387566,-1
GSM387569,-1
GSM387568,-1
GSM309053,-1
GSM309052,-1
GSM309051,-1
GSM309050,-1
GSM338291,-1
GSM338290,-1
GSM338293,-1
GSM338292,-1
GSM317935,-1
GSM317934,-1
GSM317933,-1
GSM413561,-1
GSM85509,-1
GSM85508,-1
GSM413560,-1
GSM85503,-1
GSM85502,-1
GSM85501,-1
GSM85500,-1
GSM85507,-1
GSM85506,-1
GSM85505,-1
GSM85504,-1
GSM553612,-1
GSM654655,-1
GSM553618,-1
GSM553619,-1
GSM159169,-1
GSM281883,-1
GSM281882,-1
GSM281881,-1
GSM281887,-1
GSM281884,-1
GSM281888,-1
GSM559058,-1
GSM159160,-1
GSM159161,-1
GSM559050,-1
GSM559051,-1
GSM559052,-1
GSM559053,-1
GSM559054,-1
GSM202206,-1
GSM559056,-1
GSM559057,-1
GSM202207,-1
GSM202200,-1
GSM159165,-1
GSM415387,-1
GSM159166,-1
GSM415389,-1
GSM159167,-1
GSM523383,-1
GSM523382,-1
GSM489353,-1
GSM489352,-1
GSM578908,-1
GSM364629,-1
GSM364628,-1
GSM364627,-1
GSM320618,-1
GSM320619,-1
GSM578901,-1
GSM320610,-1
GSM320611,-1
GSM320612,-1
GSM320613,-1
GSM320614,-1
GSM320615,-1
GSM320616,-1
GSM320617,-1
GSM262168,-1
GSM494588,-1
GSM494589,-1
GSM494583,-1
GSM494580,-1
GSM494581,-1
GSM494586,-1
GSM494587,-1
GSM494584,-1
GSM494585,-1
GSM95487,-1
GSM95483,-1
GSM95482,-1
GSM95481,-1
GSM95480,-1
GSM95489,-1
GSM95488,-1
GSM494630,-1
GSM494631,-1
GSM494632,-1
GSM494633,-1
GSM494634,-1
GSM494635,-1
GSM494636,-1
GSM494637,-1
GSM494638,-1
GSM494639,-1
GSM143717,-1
GSM452197,-1
GSM452196,-1
GSM373315,-1
GSM373314,-1
GSM452195,-1
GSM452193,-1
GSM452192,-1
GSM386496,-1
GSM386494,-1
GSM386495,-1
GSM386492,-1
GSM386493,-1
GSM386491,-1
GSM452190,-1
GSM494247,-1
GSM494246,-1
GSM483447,-1
GSM483446,-1
GSM483445,-1
GSM483444,-1
GSM483443,-1
GSM483442,-1
GSM483441,-1
GSM483440,-1
GSM483449,-1
GSM483448,-1
GSM447722,-1
GSM447723,-1
GSM447720,-1
GSM447721,-1
GSM447726,-1
GSM447727,-1
GSM447724,-1
GSM447725,-1
GSM447728,-1
GSM447729,-1
GSM726252,-1
GSM726253,-1
GSM726250,-1
GSM726251,-1
GSM726256,-1
GSM726257,-1
GSM726254,-1
GSM726255,-1
GSM726258,-1
GSM726259,-1
GSM342608,-1
GSM647597,-1
GSM472025,-1
GSM472024,-1
GSM472027,-1
GSM472026,-1
GSM472023,-1
GSM472029,-1
GSM472028,-1
GSM277776,-1
GSM277777,-1
GSM277778,-1
GSM277779,-1
GSM298956,-1
GSM298953,-1
GSM298952,-1
GSM298951,-1
GSM298950,-1
GSM298958,-1
GSM432979,-1
GSM432978,-1
GSM432977,-1
GSM432976,-1
GSM432975,-1
GSM432974,-1
GSM432973,-1
GSM432972,-1
GSM432971,-1
GSM432970,-1
GSM85474,-1
GSM423030,-1
GSM423031,-1
GSM423032,-1
GSM423033,-1
GSM423034,-1
GSM423035,-1
GSM423036,-1
GSM423037,-1
GSM18451,-1
GSM18450,-1
GSM143549,-1
GSM251626,-1
GSM251627,-1
GSM251624,-1
GSM251625,-1
GSM251622,-1
GSM251623,-1
GSM251620,-1
GSM251621,-1
GSM258900,-1
GSM258901,-1
GSM258902,-1
GSM258903,-1
GSM258904,-1
GSM258905,-1
GSM251629,-1
GSM678807,-1
GSM678806,-1
GSM678805,-1
GSM678804,-1
GSM678803,-1
GSM678802,-1
GSM326147,-1
GSM326148,-1
GSM326149,-1
GSM407164,-1
GSM407165,-1
GSM407166,-1
GSM407167,-1
GSM407160,-1
GSM407161,-1
GSM407162,-1
GSM407163,-1
GSM407168,-1
GSM407169,-1
GSM419989,-1
GSM419988,-1
GSM419987,-1
GSM361240,-1
GSM361241,-1
GSM361242,-1
GSM361243,-1
GSM361244,-1
GSM158738,-1
GSM158739,-1
GSM158732,-1
GSM158733,-1
GSM158730,-1
GSM158731,-1
GSM158736,-1
GSM158737,-1
GSM158734,-1
GSM158735,-1
GSM371439,-1
GSM572804,-1
GSM572805,-1
GSM572806,-1
GSM572807,-1
GSM572800,-1
GSM572801,-1
GSM262068,-1
GSM262069,-1
GSM262066,-1
GSM262067,-1
GSM262064,-1
GSM262065,-1
GSM262062,-1
GSM262063,-1
GSM262060,-1
GSM262061,-1
GSM287467,-1
GSM287466,-1
GSM287465,-1
GSM287464,-1
GSM287462,-1
GSM287461,-1
GSM249807,-1
GSM249805,-1
GSM249804,-1
GSM249803,-1
GSM249802,-1
GSM249801,-1
GSM249809,-1
GSM249808,-1
GSM726205,-1
GSM342677,-1
GSM726207,-1
GSM726206,-1
GSM654678,-1
GSM654679,-1
GSM654676,-1
GSM654677,-1
GSM654674,-1
GSM654675,-1
GSM654672,-1
GSM654673,-1
GSM654670,-1
GSM654671,-1
GSM342882,-1
GSM342888,-1
GSM726202,-1
GSM387136,-1
GSM387137,-1
GSM387134,-1
GSM387135,-1
GSM387132,-1
GSM387133,-1
GSM387130,-1
GSM387131,-1
GSM388111,-1
GSM388110,-1
GSM388113,-1
GSM388112,-1
GSM388115,-1
GSM388114,-1
GSM387138,-1
GSM387139,-1
GSM119623,-1
GSM119622,-1
GSM119621,-1
GSM119620,-1
GSM119627,-1
GSM119626,-1
GSM119625,-1
GSM119624,-1
GSM119629,-1
GSM119628,-1
GSM97963,0
GSM300214,-1
GSM300215,-1
GSM300218,-1
GSM300219,-1
GSM386261,-1
GSM386260,-1
GSM139219,-1
GSM18444,-1
GSM18445,-1
GSM18446,-1
GSM18447,-1
GSM18442,-1
GSM18443,-1
GSM18449,-1
GSM559577,-1
GSM352747,-1
GSM352746,-1
GSM352745,-1
GSM352744,-1
GSM352743,-1
GSM352742,-1
GSM352741,-1
GSM352740,-1
GSM352749,-1
GSM352748,-1
GSM422983,-1
GSM422981,-1
GSM422987,-1
GSM250001,-1
GSM250000,-1
GSM320229,-1
GSM320228,-1
GSM370105,-1
GSM301600,-1
GSM301601,-1
GSM301606,-1
GSM320220,-1
GSM370103,-1
GSM301605,-1
GSM516797,-1
GSM516795,-1
GSM516798,-1
GSM516799,-1
GSM465951,-1
GSM465953,-1
GSM465955,-1
GSM465954,-1
GSM465957,-1
GSM134918,-1
GSM280996,-1
GSM280997,-1
GSM280990,-1
GSM280991,-1
GSM465942,-1
GSM465943,-1
GSM465940,-1
GSM465941,-1
GSM465946,-1
GSM465947,-1
GSM465944,-1
GSM465945,-1
GSM465948,-1
GSM465949,-1
GSM450674,-1
GSM450675,-1
GSM450676,-1
GSM450677,-1
GSM450670,-1
GSM450671,-1
GSM450672,-1
GSM450673,-1
GSM450678,-1
GSM450679,-1
GSM95506,-1
GSM95507,-1
GSM95502,-1
GSM95500,-1
GSM95501,-1
GSM95508,-1
GSM95509,-1
GSM572816,-1
GSM483319,-1
GSM465195,-1
GSM465194,-1
GSM465197,-1
GSM465196,-1
GSM459859,-1
GSM459858,-1
GSM387309,-1
GSM125122,-1
GSM125121,-1
GSM125120,-1
GSM387301,-1
GSM387300,-1
GSM387303,-1
GSM387302,-1
GSM387305,-1
GSM387304,-1
GSM387307,-1
GSM387306,-1
GSM272979,-1
GSM272978,-1
GSM272971,-1
GSM272970,-1
GSM272973,-1
GSM272972,-1
GSM272975,-1
GSM272974,-1
GSM272977,-1
GSM272976,-1
GSM397660,0
GSM445951,-1
GSM445955,-1
GSM445954,-1
GSM312848,-1
GSM312849,-1
GSM312846,-1
GSM312847,-1
GSM158963,-1
GSM158962,-1
GSM158961,-1
GSM158960,-1
GSM158967,-1
GSM158966,-1
GSM158965,-1
GSM158964,-1
GSM158969,-1
GSM158968,-1
GSM411822,-1
GSM411823,-1
GSM411821,-1
GSM452278,-1
GSM523352,-1
GSM523353,-1
GSM523350,-1
GSM523351,-1
GSM523354,-1
GSM523355,-1
GSM286888,-1
GSM286889,-1
GSM286882,-1
GSM286883,-1
GSM286880,-1
GSM286881,-1
GSM286887,-1
GSM286884,-1
GSM286885,-1
GSM419991,-1
GSM410759,-1
GSM410757,-1
GSM410756,-1
GSM410755,-1
GSM410754,-1
GSM410753,-1
GSM410752,-1
GSM488042,0
GSM488040,0
GSM488041,0
GSM270809,-1
GSM270808,-1
GSM270803,-1
GSM270802,-1
GSM270801,-1
GSM270800,-1
GSM270807,-1
GSM270806,-1
GSM270805,-1
GSM270804,-1
GSM493998,-1
GSM493999,-1
GSM493990,-1
GSM493991,-1
GSM493992,-1
GSM493993,-1
GSM493994,-1
GSM493996,-1
GSM493997,-1
GSM549595,-1
GSM549596,-1
GSM549597,-1
GSM518598,-1
GSM518599,-1
GSM518597,-1
GSM239389,-1
GSM239388,-1
GSM239383,-1
GSM239382,-1
GSM239381,-1
GSM239380,-1
GSM239387,-1
GSM239386,-1
GSM239385,-1
GSM239384,-1
GSM261087,-1
GSM261086,-1
GSM261089,-1
GSM261088,-1
GSM262198,-1
GSM262199,-1
GSM262192,-1
GSM262193,-1
GSM262190,-1
GSM262191,-1
GSM262196,-1
GSM262197,-1
GSM262194,-1
GSM262195,-1
GSM491003,-1
GSM229928,-1
GSM229929,-1
GSM229926,-1
GSM229927,-1
GSM229924,-1
GSM229925,-1
GSM229922,-1
GSM229923,-1
GSM229920,-1
GSM229921,-1
GSM415386,-1
GSM125088,-1
GSM125089,-1
GSM202227,-1
GSM125084,-1
GSM125085,-1
GSM125086,-1
GSM125087,-1
GSM125080,-1
GSM125081,-1
GSM125082,-1
GSM125083,-1
GSM340520,-1
GSM340521,-1
GSM340522,-1
GSM340523,-1
GSM340524,-1
GSM340525,-1
GSM340526,-1
GSM340527,-1
GSM340528,-1
GSM340529,-1
GSM483326,-1
GSM483327,-1
GSM483324,-1
GSM483325,-1
GSM483322,-1
GSM483323,-1
GSM483320,-1
GSM483321,-1
GSM483328,-1
GSM483329,-1
GSM351409,-1
GSM447205,-1
GSM447204,-1
GSM447207,-1
GSM447206,-1
GSM447201,-1
GSM447200,-1
GSM447203,-1
GSM447202,-1
GSM447209,-1
GSM447208,-1
GSM300242,-1
GSM140971,-1
GSM140970,-1
GSM140973,-1
GSM388191,-1
GSM388190,-1
GSM388193,-1
GSM388192,-1
GSM388194,-1
GSM388197,-1
GSM388198,-1
GSM157868,-1
GSM276229,-1
GSM276228,-1
GSM276225,-1
GSM276224,-1
GSM276227,-1
GSM276226,-1
GSM276221,-1
GSM276220,-1
GSM276223,-1
GSM276222,-1
GSM417770,-1
GSM417771,-1
GSM417772,-1
GSM417773,-1
GSM417774,-1
GSM417775,-1
GSM417776,-1
GSM417778,-1
GSM417779,-1
GSM449172,-1
GSM272210,-1
GSM272212,-1
GSM272213,-1
GSM272214,-1
GSM272215,-1
GSM272216,-1
GSM272217,-1
GSM272218,-1
GSM272219,-1
GSM446118,-1
GSM446119,-1
GSM446112,-1
GSM446113,-1
GSM446110,-1
GSM446111,-1
GSM446116,-1
GSM446117,-1
GSM446114,-1
GSM446115,-1
GSM342769,-1
GSM342763,-1
GSM342765,-1
GSM350281,-1
GSM261128,-1
GSM261129,-1
GSM261122,-1
GSM261123,-1
GSM261120,-1
GSM261121,-1
GSM261126,-1
GSM261127,-1
GSM261124,-1
GSM261125,-1
GSM475771,-1
GSM475775,-1
GSM281344,-1
GSM281345,-1
GSM281346,-1
GSM281347,-1
GSM281340,-1
GSM281341,-1
GSM281342,-1
GSM281343,-1
GSM25831,-1
GSM25830,-1
GSM25833,-1
GSM25832,-1
GSM25835,-1
GSM25834,-1
GSM25837,-1
GSM25836,-1
GSM25839,-1
GSM25838,-1
GSM280918,-1
GSM280919,-1
GSM280916,-1
GSM280917,-1
GSM280914,-1
GSM280915,-1
GSM280910,-1
GSM280911,-1
GSM97898,0
GSM97899,0
GSM97895,0
GSM143898,-1
GSM234911,-1
GSM234910,-1
GSM234913,-1
GSM234912,-1
GSM234915,-1
GSM234914,-1
GSM234917,-1
GSM234916,-1
GSM234919,-1
GSM234918,-1
GSM465199,-1
GSM465198,-1
GSM281669,-1
GSM281668,-1
GSM281667,-1
GSM281666,-1
GSM281665,-1
GSM281664,-1
GSM465191,-1
GSM465190,-1
GSM465193,-1
GSM465192,-1
GSM159078,-1
GSM159079,-1
GSM159076,-1
GSM159077,-1
GSM159074,-1
GSM159075,-1
GSM159072,-1
GSM159073,-1
GSM159070,-1
GSM159071,-1
GSM249968,-1
GSM249969,-1
GSM249960,-1
GSM249961,-1
GSM249962,-1
GSM249963,-1
GSM249965,-1
GSM249966,-1
GSM249967,-1
GSM538939,-1
GSM300317,-1
GSM300316,-1
GSM300313,-1
GSM300312,-1
GSM77375,-1
GSM77374,-1
GSM77377,-1
GSM77376,-1
GSM77371,-1
GSM77370,-1
GSM77373,-1
GSM77372,-1
GSM77379,-1
GSM77378,-1
GSM624941,-1
GSM523292,-1
GSM419164,-1
GSM523294,-1
GSM603015,-1
GSM549600,-1
GSM368484,-1
GSM368487,-1
GSM368486,-1
GSM422993,-1
GSM318079,-1
GSM318078,-1
GSM318073,-1
GSM318077,-1
GSM318076,-1
GSM318075,-1
GSM318074,-1
GSM371771,-1
GSM371770,-1
GSM371775,-1
GSM371774,-1
GSM371777,-1
GSM516697,-1
GSM516694,-1
GSM516691,-1
GSM516690,-1
GSM516699,-1
GSM516698,-1
GSM400734,-1
GSM407103,-1
GSM400736,-1
GSM400737,-1
GSM400730,-1
GSM407107,-1
GSM400732,-1
GSM407105,-1
GSM466194,-1
GSM466195,-1
GSM280899,-1
GSM280898,-1
GSM466190,-1
GSM466191,-1
GSM466192,-1
GSM466193,-1
GSM280891,-1
GSM280890,-1
GSM388098,-1
GSM388099,-1
GSM388094,-1
GSM388095,-1
GSM388096,-1
GSM388097,-1
GSM388090,-1
GSM388091,-1
GSM388092,-1
GSM388093,-1
GSM624929,-1
GSM336385,-1
GSM624928,-1
GSM281853,-1
GSM281854,-1
GSM281857,-1
GSM281858,-1
GSM358471,-1
GSM662637,-1
GSM662636,-1
GSM662635,-1
GSM662634,-1
GSM662633,-1
GSM662639,-1
GSM662638,-1
GSM475725,-1
GSM523842,-1
GSM523843,-1
GSM523840,-1
GSM523841,-1
GSM523846,-1
GSM523847,-1
GSM523844,-1
GSM523845,-1
GSM523848,-1
GSM523849,-1
GSM152000,-1
GSM337528,-1
GSM337529,-1
GSM337522,-1
GSM337523,-1
GSM337520,-1
GSM337521,-1
GSM337526,-1
GSM337527,-1
GSM337524,-1
GSM337525,-1
GSM491215,-1
GSM491214,-1
GSM491217,-1
GSM491216,-1
GSM491211,-1
GSM97971,0
GSM97970,0
GSM97972,0
GSM494065,-1
GSM494064,-1
GSM494067,-1
GSM494066,-1
GSM494061,-1
GSM494060,-1
GSM494063,-1
GSM494062,-1
GSM494069,-1
GSM494068,-1
GSM231659,-1
GSM231658,-1
GSM231651,0
GSM231650,0
GSM231653,0
GSM231652,0
GSM231655,-1
GSM231654,-1
GSM231657,-1
GSM231656,-1
GSM262112,-1
GSM262113,-1
GSM262110,-1
GSM262111,-1
GSM262116,-1
GSM262117,-1
GSM262114,-1
GSM262115,-1
GSM262118,-1
GSM262119,-1
GSM125004,-1
GSM125005,-1
GSM125006,-1
GSM125007,-1
GSM125000,-1
GSM125001,-1
GSM125002,-1
GSM125003,-1
GSM387222,-1
GSM387223,-1
GSM387220,-1
GSM387221,-1
GSM125008,-1
GSM387227,-1
GSM387224,-1
GSM387225,-1
GSM431158,-1
GSM431159,-1
GSM431150,-1
GSM431151,-1
GSM431152,-1
GSM431153,-1
GSM431154,-1
GSM431155,-1
GSM431156,-1
GSM431157,-1
GSM124753,-1
GSM447176,-1
GSM447170,-1
GSM445997,-1
GSM445996,-1
GSM445995,-1
GSM445994,-1
GSM445993,-1
GSM445992,-1
GSM445991,-1
GSM445990,-1
GSM371773,-1
GSM445999,-1
GSM445998,-1
GSM726199,-1
GSM726198,-1
GSM726195,-1
GSM726194,-1
GSM726197,-1
GSM726196,-1
GSM726191,-1
GSM726190,-1
GSM726193,-1
GSM726192,-1
GSM446155,-1
GSM251198,-1
GSM251199,-1
GSM251194,-1
GSM251195,-1
GSM251196,-1
GSM251197,-1
GSM251192,-1
GSM161969,-1
GSM161968,-1
GSM161967,-1
GSM161966,-1
GSM161965,-1
GSM161964,-1
GSM161963,-1
GSM161962,-1
GSM161961,-1
GSM161960,-1
GSM461894,-1
GSM461895,-1
GSM461896,-1
GSM461897,-1
GSM461890,-1
GSM461891,-1
GSM461892,-1
GSM461893,-1
GSM158844,-1
GSM158845,-1
GSM158846,-1
GSM158847,-1
GSM158840,-1
GSM158841,-1
GSM158842,-1
GSM158843,-1
GSM97838,0
GSM97839,0
GSM158848,-1
GSM158849,-1
GSM342727,-1
GSM451816,-1
GSM429409,-1
GSM429408,-1
GSM429403,-1
GSM429402,-1
GSM429401,-1
GSM429400,-1
GSM429407,-1
GSM429406,-1
GSM429405,-1
GSM429404,-1
GSM494267,-1
GSM494266,-1
GSM494265,-1
GSM494264,-1
GSM494263,-1
GSM494262,-1
GSM494261,-1
GSM494260,-1
GSM494269,-1
GSM494268,-1
GSM139221,-1
GSM139220,-1
GSM139222,-1
GSM251949,-1
GSM251948,-1
GSM251947,-1
GSM251946,-1
GSM251945,-1
GSM251944,-1
GSM251943,-1
GSM251942,-1
GSM251941,-1
GSM251940,-1
GSM461049,-1
GSM461048,-1
GSM461046,-1
GSM461045,-1
GSM461044,-1
GSM461042,-1
GSM461041,-1
GSM461040,-1
GSM523259,-1
GSM523258,-1
GSM646770,-1
GSM646771,-1
GSM466196,-1
GSM466197,-1
GSM646774,-1
GSM646775,-1
GSM646776,-1
GSM496119,-1
GSM496118,-1
GSM496117,-1
GSM496116,-1
GSM496115,-1
GSM496114,-1
GSM496113,-1
GSM646778,-1
GSM646779,-1
GSM466198,-1
GSM466199,-1
GSM550916,-1
GSM407227,-1
GSM550914,-1
GSM550915,-1
GSM550912,-1
GSM550913,-1
GSM407226,-1
GSM407225,-1
GSM550918,-1
GSM550919,-1
GSM407223,-1
GSM288230,-1
GSM407222,-1
GSM407221,-1
GSM258608,-1
GSM258607,-1
GSM258606,-1
GSM258605,-1
GSM258604,-1
GSM258603,-1
GSM258602,-1
GSM258601,-1
GSM258600,-1
GSM553463,-1
GSM553462,-1
GSM553461,-1
GSM553460,-1
GSM553469,-1
GSM553468,-1
GSM400767,-1
GSM400766,-1
GSM400765,-1
GSM400764,-1
GSM400763,-1
GSM400761,-1
GSM400760,-1
GSM272290,-1
GSM272291,-1
GSM272292,-1
GSM272293,-1
GSM272294,-1
GSM272295,-1
GSM272296,-1
GSM272297,-1
GSM407269,-1
GSM407268,-1
GSM239727,-1
GSM407263,-1
GSM407262,-1
GSM407261,-1
GSM407260,-1
GSM407267,-1
GSM407266,-1
GSM407265,-1
GSM407264,-1
GSM239729,-1
GSM446087,-1
GSM262099,-1
GSM262098,-1
GSM262097,-1
GSM262096,-1
GSM262095,-1
GSM262094,-1
GSM262093,-1
GSM262092,-1
GSM262091,-1
GSM262090,-1
GSM119366,-1
GSM119367,-1
GSM119364,-1
GSM119365,-1
GSM119362,-1
GSM119363,-1
GSM119360,-1
GSM119361,-1
GSM119368,-1
GSM119369,-1
GSM721001,-1
GSM143548,-1
GSM143547,-1
GSM143546,-1
GSM261165,-1
GSM272143,-1
GSM452148,-1
GSM452149,-1
GSM261168,-1
GSM93952,-1
GSM93950,-1
GSM93954,-1
GSM312937,-1
GSM312938,-1
GSM312939,-1
GSM107847,0
GSM107848,0
GSM107849,0
GSM475734,-1
GSM475736,-1
GSM475732,-1
GSM423027,-1
GSM423026,-1
GSM423025,-1
GSM423024,-1
GSM423023,-1
GSM423022,-1
GSM423021,-1
GSM423020,-1
GSM423029,-1
GSM423028,-1
GSM146199,-1
GSM146198,-1
GSM146191,-1
GSM146190,-1
GSM146193,-1
GSM146192,-1
GSM146195,-1
GSM146194,-1
GSM146197,-1
GSM146196,-1
GSM107541,-1
GSM107540,-1
GSM333440,-1
GSM333443,-1
GSM333442,-1
GSM333447,-1
GSM333446,-1
GSM538958,-1
GSM538959,-1
GSM466200,-1
GSM466201,-1
GSM466202,-1
GSM466203,-1
GSM466204,-1
GSM466205,-1
GSM466206,-1
GSM466207,-1
GSM466208,-1
GSM466209,-1
GSM726211,-1
GSM387073,-1
GSM387072,-1
GSM387071,-1
GSM387070,-1
GSM387077,-1
GSM387076,-1
GSM387075,-1
GSM387074,-1
GSM387079,-1
GSM387078,-1
GSM528838,-1
GSM528839,-1
GSM528836,-1
GSM528837,-1
GSM528834,-1
GSM528835,-1
GSM528832,-1
GSM528833,-1
GSM528831,-1
GSM662659,-1
GSM276074,-1
GSM276075,-1
GSM276076,-1
GSM276077,-1
GSM276070,-1
GSM276071,-1
GSM276072,-1
GSM276073,-1
GSM276078,-1
GSM276079,-1
GSM492489,-1
GSM492488,-1
GSM492481,-1
GSM492480,-1
GSM492483,-1
GSM492482,-1
GSM492485,-1
GSM492484,-1
GSM492487,-1
GSM492486,-1
GSM272315,-1
GSM272314,-1
GSM272317,-1
GSM272316,-1
GSM272311,-1
GSM272310,-1
GSM272313,-1
GSM272312,-1
GSM446019,-1
GSM446018,-1
GSM446017,-1
GSM446016,-1
GSM446015,-1
GSM446014,-1
GSM446013,-1
GSM446012,-1
GSM446011,-1
GSM446010,-1
GSM408729,-1
GSM249718,-1
GSM249717,-1
GSM249716,-1
GSM249715,-1
GSM249714,-1
GSM408727,-1
GSM408726,-1
GSM408725,-1
GSM408724,-1
GSM523342,-1
GSM523344,-1
GSM523346,-1
GSM447658,-1
GSM447659,-1
GSM447656,-1
GSM447657,-1
GSM447654,-1
GSM447655,-1
GSM447652,-1
GSM447653,-1
GSM447650,-1
GSM447651,-1
GSM443797,-1
GSM443796,-1
GSM443799,-1
GSM443798,-1
GSM578943,-1
GSM578942,-1
GSM578941,-1
GSM578947,-1
GSM578946,-1
GSM578945,-1
GSM578944,-1
GSM261249,-1
GSM261248,-1
GSM261247,-1
GSM261246,-1
GSM261245,-1
GSM261244,-1
GSM261243,-1
GSM261242,-1
GSM261241,-1
GSM261240,-1
GSM439796,0
GSM439797,0
GSM439794,0
GSM439795,0
GSM439792,0
GSM439793,0
GSM439790,0
GSM439791,0
GSM439798,0
GSM439799,0
GSM479989,-1
GSM479988,-1
GSM479987,-1
GSM479986,-1
GSM479985,-1
GSM479984,-1
GSM479983,-1
GSM523340,-1
GSM491210,-1
GSM491213,-1
GSM491212,-1
GSM491219,-1
GSM491218,-1
GSM493983,-1
GSM493982,-1
GSM493981,-1
GSM493980,-1
GSM410769,-1
GSM559061,-1
GSM559060,-1
GSM559063,-1
GSM559062,-1
GSM559065,-1
GSM559064,-1
GSM559067,-1
GSM559066,-1
GSM559069,-1
GSM559068,-1
GSM410767,-1
GSM257694,-1
GSM366058,-1
GSM366059,-1
GSM366057,-1
GSM136133,-1
GSM575700,-1
GSM575701,-1
GSM320621,-1
GSM320620,-1
GSM320623,-1
GSM320622,-1
GSM320625,-1
GSM320624,-1
GSM320627,-1
GSM320626,-1
GSM320629,-1
GSM320628,-1
GSM452159,-1
GSM452158,-1
GSM272157,-1
GSM272156,-1
GSM272155,-1
GSM272154,-1
GSM272153,-1
GSM272152,-1
GSM272151,-1
GSM272150,-1
GSM272159,-1
GSM272158,-1
GSM612267,-1
GSM612265,-1
GSM612264,-1
GSM361338,-1
GSM361339,-1
GSM361334,-1
GSM361335,-1
GSM361336,-1
GSM361337,-1
GSM361330,-1
GSM361331,-1
GSM361332,-1
GSM361333,-1
GSM494255,-1
GSM628050,-1
GSM628052,-1
GSM159133,-1
GSM159132,-1
GSM159131,-1
GSM159130,-1
GSM159137,-1
GSM159136,-1
GSM159135,-1
GSM159134,-1
GSM159139,-1
GSM159138,-1
GSM651842,-1
GSM651843,-1
GSM651840,-1
GSM651841,-1
GSM651846,-1
GSM651847,-1
GSM651844,-1
GSM651845,-1
GSM651848,-1
GSM651849,-1
GSM136127,-1
GSM136126,-1
GSM494601,-1
GSM494600,-1
GSM494603,-1
GSM494602,-1
GSM494605,-1
GSM494604,-1
GSM136129,-1
GSM136128,-1
GSM387297,-1
GSM230290,-1
GSM578898,-1
GSM531610,-1
GSM531611,-1
GSM483494,-1
GSM483495,-1
GSM483496,-1
GSM483490,-1
GSM483491,-1
GSM483492,-1
GSM483493,-1
GSM469959,-1
GSM469958,-1
GSM469957,-1
GSM531618,-1
GSM531619,-1
GSM730685,-1
GSM533388,-1
GSM533389,-1
GSM251110,-1
GSM359544,-1
GSM359545,-1
GSM359546,-1
GSM359547,-1
GSM359540,-1
GSM359541,-1
GSM359542,-1
GSM359543,-1
GSM359548,-1
GSM359549,-1
GSM306892,-1
GSM306890,-1
GSM306897,-1
GSM306894,-1
GSM306898,-1
GSM306899,-1
GSM575643,-1
GSM575642,-1
GSM472078,-1
GSM472079,-1
GSM575647,-1
GSM575646,-1
GSM575644,-1
GSM472072,-1
GSM472073,-1
GSM472070,-1
GSM472071,-1
GSM472076,-1
GSM472077,-1
GSM472075,-1
GSM475809,-1
GSM475800,-1
GSM475807,-1
GSM132718,0
GSM132719,0
GSM132714,0
GSM132715,0
GSM132716,0
GSM132717,0
GSM726235,-1
GSM187174,0
GSM187175,0
GSM187176,0
GSM187177,0
GSM187170,0
GSM187171,0
GSM187172,0
GSM187173,0
GSM187178,0
GSM187179,0
GSM280949,-1
GSM407159,-1
GSM407158,-1
GSM407155,-1
GSM407154,-1
GSM407157,-1
GSM407156,-1
GSM407151,-1
GSM407153,-1
GSM407152,-1
GSM373956,-1
GSM298798,-1
GSM494106,-1
GSM494107,-1
GSM494104,-1
GSM494105,-1
GSM494102,-1
GSM494103,-1
GSM494100,-1
GSM494101,-1
GSM494108,-1
GSM494109,-1
GSM202198,-1
GSM202199,-1
GSM347667,-1
GSM347665,-1
GSM347662,-1
GSM347660,-1
GSM347669,-1
GSM318138,-1
GSM318139,-1
GSM318136,-1
GSM318137,-1
GSM318134,-1
GSM318135,-1
GSM318132,-1
GSM318133,-1
GSM318130,-1
GSM318131,-1
GSM342854,-1
GSM342852,-1
GSM342853,-1
GSM387228,-1
GSM342858,-1
GSM342859,-1
GSM387229,-1
GSM387149,-1
GSM387148,-1
GSM263054,-1
GSM387146,-1
GSM387145,-1
GSM387144,-1
GSM263050,-1
GSM263051,-1
GSM263052,-1
GSM263053,-1
GSM119678,-1
GSM119679,-1
GSM125009,-1
GSM465911,-1
GSM465910,-1
GSM187236,0
GSM187235,0
GSM187234,0
GSM187233,0
GSM187232,0
GSM187231,0
GSM187230,0
GSM257790,-1
GSM257791,-1
GSM257792,-1
GSM151983,-1
GSM449243,-1
GSM449242,-1
GSM449241,-1
GSM449240,-1
GSM449247,-1
GSM449246,-1
GSM449245,-1
GSM449244,-1
GSM449249,-1
GSM449248,-1
GSM516730,-1
GSM516731,-1
GSM516739,-1
GSM352798,-1
GSM352799,-1
GSM352794,-1
GSM352795,-1
GSM352796,-1
GSM352797,-1
GSM352790,-1
GSM352791,-1
GSM352792,-1
GSM352793,-1
GSM531649,-1
GSM531648,-1
GSM531643,-1
GSM262189,-1
GSM262181,-1
GSM262180,-1
GSM306919,-1
GSM306918,-1
GSM306916,-1
GSM306915,-1
GSM306914,-1
GSM306913,-1
GSM306912,-1
GSM306911,-1
GSM306910,-1
GSM624954,-1
GSM624956,-1
GSM624957,-1
GSM624950,-1
GSM624951,-1
GSM624952,-1
GSM624953,-1
GSM624958,-1
GSM624959,-1
GSM148607,-1
GSM148606,-1
GSM148605,-1
GSM148609,-1
GSM148608,-1
GSM465223,-1
GSM465222,-1
GSM465221,-1
GSM465220,-1
GSM465227,-1
GSM465226,-1
GSM465225,-1
GSM465224,-1
GSM465229,-1
GSM465228,-1
GSM516763,-1
GSM516762,-1
GSM516761,-1
GSM516760,-1
GSM516765,-1
GSM550787,-1
GSM550786,-1
GSM550785,-1
GSM550789,-1
GSM550788,-1
GSM134936,-1
GSM447178,-1
GSM134933,-1
GSM134931,-1
GSM377358,-1
GSM377355,-1
GSM317739,-1
GSM377357,-1
GSM377356,-1
GSM377351,-1
GSM377350,-1
GSM377353,-1
GSM377352,-1
GSM550819,-1
GSM550813,-1
GSM550811,-1
GSM550810,-1
GSM550817,-1
GSM550816,-1
GSM550815,-1
GSM550814,-1
GSM299095,-1
GSM299097,-1
GSM299096,-1
GSM299099,-1
GSM299098,-1
GSM446097,-1
GSM446096,-1
GSM317799,-1
GSM317798,-1
GSM446093,-1
GSM446092,-1
GSM446091,-1
GSM446090,-1
GSM317797,-1
GSM317796,-1
GSM317795,-1
GSM317794,-1
GSM503879,-1
GSM503878,-1
GSM249797,-1
GSM249796,-1
GSM249795,-1
GSM249794,-1
GSM249793,-1
GSM249792,-1
GSM249791,-1
GSM249790,-1
GSM249799,-1
GSM249798,-1
GSM257806,-1
GSM257807,-1
GSM257809,-1
GSM559635,-1
GSM159089,-1
GSM159088,-1
GSM159087,-1
GSM159086,-1
GSM159085,-1
GSM159084,-1
GSM159083,-1
GSM159082,-1
GSM159081,-1
GSM159080,-1
GSM352804,-1
GSM352805,-1
GSM352806,-1
GSM352807,-1
GSM352800,-1
GSM352801,-1
GSM352802,-1
GSM352803,-1
GSM559633,-1
GSM352808,-1
GSM352809,-1
GSM693840,-1
GSM693841,-1
GSM693842,-1
GSM693843,-1
GSM703789,-1
GSM703788,-1
GSM531660,-1
GSM124995,-1
GSM124994,-1
GSM258562,-1
GSM258563,-1
GSM258560,-1
GSM258561,-1
GSM258566,-1
GSM258567,-1
GSM258564,-1
GSM258565,-1
GSM258568,-1
GSM258569,-1
GSM575652,-1
GSM472044,-1
GSM531662,-1
GSM158938,-1
GSM158939,-1
GSM624852,-1
GSM158930,-1
GSM158931,-1
GSM158932,-1
GSM158934,-1
GSM158935,-1
GSM158936,-1
GSM158937,-1
GSM572802,-1
GSM95476,-1
GSM95477,-1
GSM95474,-1
GSM95475,-1
GSM388610,-1
GSM388611,-1
GSM95478,-1
GSM95479,-1
GSM388619,-1
GSM446049,-1
GSM446047,-1
GSM488037,0
GSM488036,0
GSM488035,0
GSM488034,0
GSM488033,0
GSM488032,0
GSM488031,0
GSM488030,0
GSM445920,-1
GSM488039,0
GSM488038,0
GSM555986,-1
GSM445921,-1
GSM555983,-1
GSM483414,-1
GSM483415,-1
GSM483416,-1
GSM483417,-1
GSM483410,-1
GSM483411,-1
GSM483412,-1
GSM483413,-1
GSM483418,-1
GSM483419,-1
GSM275989,-1
GSM275988,-1
GSM275981,-1
GSM275980,-1
GSM275983,-1
GSM275982,-1
GSM275985,-1
GSM275984,-1
GSM275987,-1
GSM275986,-1
GSM342657,-1
GSM342652,-1
GSM342653,-1
GSM726229,-1
GSM726228,-1
GSM342658,-1
GSM342659,-1
GSM531668,-1
GSM97830,0
GSM97831,0
GSM97832,0
GSM97833,0
GSM97834,0
GSM97835,0
GSM97836,0
GSM97837,0
GSM381339,-1
GSM340519,-1
GSM340518,-1
GSM340511,-1
GSM340510,-1
GSM340513,-1
GSM340512,-1
GSM340515,-1
GSM340514,-1
GSM340517,-1
GSM340516,-1
GSM483357,-1
GSM483356,-1
GSM483355,-1
GSM483354,-1
GSM483353,-1
GSM483352,-1
GSM483351,-1
GSM483350,-1
GSM447250,-1
GSM447251,-1
GSM543327,-1
GSM543326,-1
GSM730682,-1
GSM730683,-1
GSM730680,-1
GSM730681,-1
GSM449159,-1
GSM449158,-1
GSM449157,-1
GSM449156,-1
GSM449155,-1
GSM449154,-1
GSM449153,-1
GSM449152,-1
GSM449151,-1
GSM449150,-1
GSM730684,-1
GSM358008,-1
GSM358009,-1
GSM358006,-1
GSM358007,-1
GSM358004,-1
GSM358005,-1
GSM358003,-1
GSM280332,-1
GSM280333,-1
GSM280331,-1
GSM280336,-1
GSM280337,-1
GSM280334,-1
GSM280335,-1
GSM280338,-1
GSM280339,-1
GSM306216,-1
GSM306217,-1
GSM188669,-1
GSM188668,-1
GSM188663,-1
GSM188662,-1
GSM188665,-1
GSM188664,-1
GSM188667,-1
GSM188666,-1
GSM258069,-1
GSM258062,-1
GSM258061,-1
GSM258060,-1
GSM158749,-1
GSM158748,-1
GSM158743,-1
GSM158742,-1
GSM158741,-1
GSM158740,-1
GSM158747,-1
GSM158746,-1
GSM387089,-1
GSM494188,-1
GSM494189,-1
GSM494186,-1
GSM494187,-1
GSM494184,-1
GSM494185,-1
GSM494182,-1
GSM494180,-1
GSM494181,-1
GSM249856,-1
GSM249857,-1
GSM249850,-1
GSM249858,-1
GSM249859,-1
GSM700591,-1
GSM700590,-1
GSM700592,-1
GSM388146,-1
GSM388147,-1
GSM388144,-1
GSM388145,-1
GSM388142,-1
GSM388143,-1
GSM388140,-1
GSM388141,-1
GSM388148,-1
GSM388149,-1
GSM230393,-1
GSM372807,-1
GSM372804,-1
GSM372805,-1
GSM230397,-1
GSM372803,-1
GSM230395,-1
GSM372801,-1
GSM230399,-1
GSM230398,-1
GSM372808,-1
GSM372809,-1
GSM455123,-1
GSM455122,-1
GSM455121,-1
GSM455120,-1
GSM455126,-1
GSM455125,-1
GSM455124,-1
GSM386236,-1
GSM386237,-1
GSM386234,-1
GSM386235,-1
GSM386232,-1
GSM386230,-1
GSM386238,-1
GSM386239,-1
GSM300262,-1
GSM300261,-1
GSM300267,-1
GSM300268,-1
GSM400177,-1
GSM272229,-1
GSM272228,-1
GSM272221,-1
GSM272220,-1
GSM272223,-1
GSM272222,-1
GSM272225,-1
GSM272224,-1
GSM272227,-1
GSM272226,-1
GSM384865,-1
GSM384864,-1
GSM654654,-1
GSM384861,-1
GSM384860,-1
GSM384863,-1
GSM384862,-1
GSM342751,-1
GSM654657,-1
GSM390158,-1
GSM390159,-1
GSM390153,-1
GSM390154,-1
GSM390155,-1
GSM390156,-1
GSM390157,-1
GSM654651,-1
GSM475740,-1
GSM475743,-1
GSM475742,-1
GSM475745,-1
GSM475746,-1
GSM475749,-1
GSM447613,-1
GSM533887,-1
GSM447610,-1
GSM447611,-1
GSM25808,-1
GSM25809,-1
GSM25801,-1
GSM25802,-1
GSM25803,-1
GSM25804,-1
GSM25805,-1
GSM25806,-1
GSM25807,-1
GSM280967,-1
GSM280966,-1
GSM280965,-1
GSM280964,-1
GSM280963,-1
GSM280962,-1
GSM553465,-1
GSM465933,-1
GSM465932,-1
GSM465931,-1
GSM465930,-1
GSM465937,-1
GSM465936,-1
GSM465935,-1
GSM465934,-1
GSM465939,-1
GSM465938,-1
GSM531636,-1
GSM531637,-1
GSM707909,-1
GSM523257,-1
GSM523256,-1
GSM523255,-1
GSM523254,-1
GSM523253,-1
GSM531635,-1
GSM523252,-1
GSM523251,-1
GSM523250,-1
GSM429911,-1
GSM550893,-1
GSM550892,-1
GSM550891,-1
GSM550890,-1
GSM550897,-1
GSM550896,-1
GSM550895,-1
GSM550894,-1
GSM550899,-1
GSM550898,-1
GSM480454,0
GSM173690,-1
GSM173691,-1
GSM159007,-1
GSM159006,-1
GSM159005,-1
GSM159004,-1
GSM159003,-1
GSM159002,-1
GSM159001,-1
GSM159000,-1
GSM159009,-1
GSM159008,-1
GSM249951,-1
GSM249950,-1
GSM249953,-1
GSM249955,-1
GSM249954,-1
GSM249957,-1
GSM249956,-1
GSM249959,-1
GSM249958,-1
GSM270784,-1
GSM270785,-1
GSM270786,-1
GSM270787,-1
GSM270781,-1
GSM270782,-1
GSM270783,-1
GSM122529,-1
GSM270788,-1
GSM270789,-1
GSM272926,-1
GSM272927,-1
GSM272924,-1
GSM272925,-1
GSM272923,-1
GSM272928,-1
GSM272929,-1
GSM397638,0
GSM397639,0
GSM397634,0
GSM397635,0
GSM397636,0
GSM397637,0
GSM397630,0
GSM397631,0
GSM397632,0
GSM397633,0
GSM60591,-1
GSM97882,0
GSM251208,-1
GSM251209,-1
GSM251200,-1
GSM251207,-1
GSM387226,-1
GSM60589,-1
GSM60592,-1
GSM97948,0
GSM97949,0
GSM97944,0
GSM97945,0
GSM97946,0
GSM97947,0
GSM97940,0
GSM97941,0
GSM97942,0
GSM97943,0
GSM494573,-1
GSM494572,-1
GSM494571,-1
GSM494570,-1
GSM494577,-1
GSM494576,-1
GSM494575,-1
GSM494574,-1
GSM494579,-1
GSM60595,-1
GSM550910,-1
GSM523323,-1
GSM523322,-1
GSM523321,-1
GSM523320,-1
GSM523327,-1
GSM523326,-1
GSM523325,-1
GSM523324,-1
GSM523329,-1
GSM523328,-1
GSM281869,-1
GSM281861,-1
GSM281862,-1
GSM281865,-1
GSM281866,-1
GSM553467,-1
GSM553466,-1
GSM553464,-1
GSM452726,-1
GSM489344,-1
GSM489345,-1
GSM489342,-1
GSM489343,-1
GSM489340,-1
GSM489341,-1
GSM494608,-1
GSM491248,-1
GSM491249,-1
GSM491242,-1
GSM491243,-1
GSM491240,-1
GSM491241,-1
GSM491246,-1
GSM491247,-1
GSM491244,-1
GSM491245,-1
GSM452184,-1
GSM452185,-1
GSM452186,-1
GSM452188,-1
GSM452189,-1
GSM487999,0
GSM487998,0
GSM487991,0
GSM487990,0
GSM487993,0
GSM487992,0
GSM487995,0
GSM487994,0
GSM487997,0
GSM487996,0
GSM261328,-1
GSM261329,-1
GSM494038,-1
GSM494039,-1
GSM261320,-1
GSM261321,-1
GSM261322,-1
GSM261323,-1
GSM261324,-1
GSM261325,-1
GSM261326,-1
GSM261327,-1
GSM609038,-1
GSM516804,-1
GSM516805,-1
GSM516802,-1
GSM272298,-1
GSM272299,-1
GSM400762,-1
GSM125039,-1
GSM125038,-1
GSM125035,-1
GSM125034,-1
GSM125037,-1
GSM125036,-1
GSM125031,-1
GSM125030,-1
GSM125033,-1
GSM125032,-1
GSM400769,-1
GSM400768,-1
GSM431161,-1
GSM431160,-1
GSM431162,-1
GSM445948,-1
GSM445949,-1
GSM85491,-1
GSM85490,-1
GSM85493,-1
GSM85492,-1
GSM545663,-1
GSM358628,-1
GSM158879,-1
GSM158878,-1
GSM158875,-1
GSM158874,-1
GSM158877,-1
GSM158876,-1
GSM158871,-1
GSM158870,-1
GSM158873,-1
GSM158872,-1
GSM575690,-1
GSM575691,-1
GSM575692,-1
GSM575693,-1
GSM575694,-1
GSM575695,-1
GSM575696,-1
GSM575697,-1
GSM575698,-1
GSM575699,-1
GSM281289,-1
GSM281288,-1
GSM281281,-1
GSM281280,-1
GSM281283,-1
GSM281282,-1
GSM281285,-1
GSM281284,-1
GSM281287,-1
GSM281286,-1
GSM468323,-1
GSM468322,-1
GSM682033,-1
GSM682032,-1
GSM682031,-1
GSM682030,-1
GSM467029,-1
GSM467028,-1
GSM467027,-1
GSM467026,-1
GSM467025,-1
GSM467024,-1
GSM411663,-1
GSM322269,-1
GSM322268,-1
GSM317800,-1
GSM472148,-1
GSM472149,-1
GSM472146,-1
GSM472147,-1
GSM472144,-1
GSM472142,-1
GSM472143,-1
GSM407188,-1
GSM407189,-1
GSM472140,-1
GSM407182,-1
GSM407183,-1
GSM407180,-1
GSM407181,-1
GSM407186,-1
GSM407187,-1
GSM407184,-1
GSM407185,-1
GSM407230,-1
GSM407231,-1
GSM407232,-1
GSM407233,-1
GSM407234,-1
GSM407235,-1
GSM407236,-1
GSM407237,-1
GSM407238,-1
GSM407239,-1
GSM257978,-1
GSM257979,-1
GSM257975,-1
GSM187220,0
GSM261159,-1
GSM261158,-1
GSM187221,0
GSM261153,-1
GSM261152,-1
GSM261151,-1
GSM261150,-1
GSM261157,-1
GSM261156,-1
GSM261155,-1
GSM261154,-1
GSM187223,0
GSM381277,-1
GSM381276,-1
GSM187226,0
GSM187227,0
GSM333452,-1
GSM333451,-1
GSM333454,-1
GSM333455,-1
GSM674838,-1
GSM674839,-1
GSM674836,-1
GSM674837,-1
GSM674835,-1
GSM372262,-1
GSM372263,-1
GSM372260,-1
GSM372261,-1
GSM301589,-1
GSM301588,-1
GSM300182,-1
GSM300181,-1
GSM300186,-1
GSM300187,-1
GSM300185,-1
GSM300189,-1
GSM449290,-1
GSM449291,-1
GSM449292,-1
GSM449293,-1
GSM449294,-1
GSM449295,-1
GSM449296,-1
GSM449297,-1
GSM449298,-1
GSM449299,-1
GSM523300,-1
GSM422963,-1
GSM422965,-1
GSM422967,-1
GSM281638,-1
GSM281639,-1
GSM281634,-1
GSM281635,-1
GSM281636,-1
GSM281637,-1
GSM281632,-1
GSM281633,-1
GSM428930,-1
GSM428931,-1
GSM428932,-1
GSM428933,-1
GSM428934,-1
GSM428935,-1
GSM428936,-1
GSM428937,-1
GSM428938,-1
GSM428939,-1
GSM466947,-1
GSM466949,-1
GSM466948,-1
GSM18426,-1
GSM466239,-1
GSM466238,-1
GSM466231,-1
GSM466230,-1
GSM466233,-1
GSM466235,-1
GSM466234,-1
GSM466237,-1
GSM466236,-1
GSM388595,-1
GSM388594,-1
GSM388597,-1
GSM388596,-1
GSM388591,-1
GSM388590,-1
GSM388593,-1
GSM388592,-1
GSM388599,-1
GSM388598,-1
GSM388629,-1
GSM388628,-1
GSM388623,-1
GSM388622,-1
GSM388621,-1
GSM388620,-1
GSM388627,-1
GSM388626,-1
GSM388625,-1
GSM388624,-1
GSM407096,-1
GSM407097,-1
GSM272193,-1
GSM272197,-1
GSM60928,-1
GSM60929,-1
GSM60924,-1
GSM60926,-1
GSM60927,-1
GSM276049,-1
GSM276048,-1
GSM276045,-1
GSM276044,-1
GSM276047,-1
GSM276046,-1
GSM276041,-1
GSM276040,-1
GSM276043,-1
GSM276042,-1
GSM450698,-1
GSM450699,-1
GSM450692,-1
GSM450693,-1
GSM450690,-1
GSM450691,-1
GSM450696,-1
GSM450697,-1
GSM450694,-1
GSM450695,-1
GSM340498,-1
GSM340499,-1
GSM340494,-1
GSM340495,-1
GSM340496,-1
GSM340497,-1
GSM340490,-1
GSM340491,-1
GSM340492,-1
GSM340493,-1
GSM449252,-1
GSM449253,-1
GSM475764,-1
GSM726071,-1
GSM447627,-1
GSM447626,-1
GSM447625,-1
GSM447624,-1
GSM447623,-1
GSM447622,-1
GSM447621,-1
GSM447620,-1
GSM447629,-1
GSM447628,-1
GSM537193,-1
GSM537195,-1
GSM537194,-1
GSM475663,-1
GSM475660,-1
GSM475666,-1
GSM475667,-1
GSM475665,-1
GSM475669,-1
GSM281038,-1
GSM281039,-1
GSM281032,-1
GSM281033,-1
GSM281030,-1
GSM281031,-1
GSM651833,-1
GSM651832,-1
GSM280848,-1
GSM280849,-1
GSM280842,-1
GSM280843,-1
GSM231617,-1
GSM336350,-1
GSM231616,-1
GSM286873,-1
GSM286872,-1
GSM286871,-1
GSM286870,-1
GSM286877,-1
GSM286876,-1
GSM286875,-1
GSM286874,-1
GSM286879,-1
GSM286878,-1
GSM272953,-1
GSM231619,-1
GSM231618,-1
GSM531659,-1
GSM366065,-1
GSM366064,-1
GSM366067,-1
GSM366066,-1
GSM366061,-1
GSM366060,-1
GSM366063,-1
GSM366062,-1
GSM366069,-1
GSM366068,-1
GSM410784,-1
GSM410785,-1
GSM410786,-1
GSM410787,-1
GSM410780,-1
GSM410781,-1
GSM410782,-1
GSM410783,-1
GSM410788,-1
GSM410789,-1
GSM662666,-1
GSM662667,-1
GSM662660,-1
GSM662661,-1
GSM662662,-1
GSM662663,-1
GSM662668,-1
GSM272188,-1
GSM272189,-1
GSM272184,-1
GSM272185,-1
GSM272186,-1
GSM272187,-1
GSM272180,-1
GSM272181,-1
GSM272182,-1
GSM272183,-1
GSM124997,-1
GSM124996,-1
GSM523837,-1
GSM158989,-1
GSM158988,-1
GSM158980,-1
GSM158983,-1
GSM158982,-1
GSM158985,-1
GSM158984,-1
GSM158987,-1
GSM158986,-1
GSM159168,-1
GSM202208,-1
GSM202209,-1
GSM202204,-1
GSM202205,-1
GSM159162,-1
GSM159163,-1
GSM159164,-1
GSM202201,-1
GSM202202,-1
GSM202203,-1
GSM578907,-1
GSM578906,-1
GSM578905,-1
GSM578904,-1
GSM578903,-1
GSM578902,-1
GSM578900,-1
GSM262163,-1
GSM262162,-1
GSM262161,-1
GSM262160,-1
GSM262167,-1
GSM262166,-1
GSM262165,-1
GSM262164,-1
GSM262169,-1
GSM287333,-1
GSM387259,-1
GSM387258,-1
GSM387253,-1
GSM387252,-1
GSM387251,-1
GSM387250,-1
GSM387257,-1
GSM387256,-1
GSM387255,-1
GSM387254,-1
GSM726070,-1
GSM443802,-1
GSM443801,-1
GSM443800,-1
GSM239419,-1
GSM239418,-1
GSM239413,-1
GSM239412,-1
GSM239411,-1
GSM239410,-1
GSM239417,-1
GSM239416,-1
GSM239415,-1
GSM239414,-1
GSM197209,-1
GSM197208,-1
GSM197203,-1
GSM197202,-1
GSM197201,-1
GSM197200,-1
GSM197207,-1
GSM197206,-1
GSM197205,-1
GSM197204,-1
GSM251129,-1
GSM190968,-1
GSM190967,-1
GSM190966,-1
GSM190965,-1
GSM251126,-1
GSM161938,-1
GSM161939,-1
GSM161935,-1
GSM161936,-1
GSM161937,-1
GSM262208,-1
GSM262209,-1
GSM262202,-1
GSM262203,-1
GSM262200,-1
GSM262201,-1
GSM262206,-1
GSM262207,-1
GSM262204,-1
GSM262205,-1
GSM472114,-1
GSM359571,-1
GSM359570,-1
GSM359573,-1
GSM359572,-1
GSM97869,0
GSM97868,0
GSM97867,0
GSM97866,0
GSM97865,0
GSM97864,0
GSM97863,0
GSM97862,0
GSM97861,0
GSM97860,0
GSM491004,-1
GSM491006,-1
GSM491000,-1
GSM491001,-1
GSM491002,-1
GSM494234,-1
GSM494235,-1
GSM494236,-1
GSM494237,-1
GSM148597,-1
GSM148596,-1
GSM148595,-1
GSM148594,-1
GSM494238,-1
GSM494239,-1
GSM461018,-1
GSM461019,-1
GSM461014,-1
GSM461015,-1
GSM461016,-1
GSM461017,-1
GSM461012,-1
GSM132720,0
GSM132723,0
GSM132722,0
GSM132729,0
GSM132728,0
GSM525361,-1
GSM525318,-1
GSM525319,-1
GSM525314,-1
GSM525315,-1
GSM525316,-1
GSM525317,-1
GSM563244,-1
GSM563245,-1
GSM563246,-1
GSM563247,-1
GSM563241,-1
GSM563242,-1
GSM563243,-1
GSM563248,-1
GSM563249,-1
GSM407102,-1
GSM400735,-1
GSM407100,-1
GSM407101,-1
GSM407106,-1
GSM400731,-1
GSM407104,-1
GSM400733,-1
GSM407108,-1
GSM407109,-1
GSM400738,-1
GSM400739,-1
GSM494179,-1
GSM494178,-1
GSM494177,-1
GSM494176,-1
GSM494175,-1
GSM494174,-1
GSM494173,-1
GSM494172,-1
GSM494171,-1
GSM494170,-1
GSM318147,-1
GSM318146,-1
GSM318145,-1
GSM318144,-1
GSM318143,-1
GSM318142,-1
GSM318141,-1
GSM318140,-1
GSM726200,-1
GSM435886,-1
GSM435887,-1
GSM435885,-1
GSM435888,-1
GSM435889,-1
GSM342829,-1
GSM342825,-1
GSM342824,-1
GSM342823,-1
GSM143545,-1
GSM538950,-1
GSM538951,-1
GSM538952,-1
GSM538953,-1
GSM538954,-1
GSM538955,-1
GSM432149,-1
GSM93922,-1
GSM93923,-1
GSM93920,-1
GSM93921,-1
GSM93926,-1
GSM93927,-1
GSM93924,-1
GSM93925,-1
GSM93928,-1
GSM93929,-1
GSM449218,-1
GSM449219,-1
GSM449210,-1
GSM449211,-1
GSM449212,-1
GSM449213,-1
GSM449214,-1
GSM449215,-1
GSM449216,-1
GSM449217,-1
GSM531612,-1
GSM531613,-1
GSM531614,-1
GSM531615,-1
GSM531616,-1
GSM531617,-1
GSM624960,-1
GSM251899,-1
GSM251898,-1
GSM516733,-1
GSM516734,-1
GSM516737,-1
GSM251891,-1
GSM251890,-1
GSM251893,-1
GSM251892,-1
GSM251895,-1
GSM251894,-1
GSM251897,-1
GSM251896,-1
GSM559586,-1
GSM559584,-1
GSM559582,-1
GSM559583,-1
GSM559581,-1
GSM559588,-1
GSM559634,-1
GSM559630,-1
GSM559631,-1
GSM559632,-1
GSM134947,-1
GSM134942,-1
GSM134949,-1
GSM134948,-1
GSM259405,-1
GSM259402,-1
GSM259403,-1
GSM259400,-1
GSM259401,-1
GSM550840,-1
GSM550841,-1
GSM550842,-1
GSM550843,-1
GSM550844,-1
GSM550845,-1
GSM550846,-1
GSM550847,-1
GSM550848,-1
GSM550849,-1
GSM465919,-1
GSM446048,-1
GSM446044,-1
GSM446045,-1
GSM446046,-1
GSM446040,-1
GSM446041,-1
GSM446042,-1
GSM446043,-1
GSM662756,-1
GSM662757,-1
GSM662758,-1
GSM662759,-1
GSM730679,-1
GSM260657,-1
GSM260659,-1
GSM260658,-1
GSM249749,-1
GSM249744,-1
GSM249745,-1
GSM249746,-1
GSM249747,-1
GSM249740,-1
GSM249741,-1
GSM249742,-1
GSM249743,-1
GSM261218,-1
GSM261219,-1
GSM261214,-1
GSM261215,-1
GSM261216,-1
GSM261217,-1
GSM261210,-1
GSM261211,-1
GSM261212,-1
GSM261213,-1
GSM550804,-1
GSM352839,-1
GSM352838,-1
GSM352835,-1
GSM352834,-1
GSM352837,-1
GSM352836,-1
GSM352831,-1
GSM352830,-1
GSM352833,-1
GSM352832,-1
GSM446080,-1
GSM446081,-1
GSM446082,-1
GSM549598,-1
GSM446083,-1
GSM446084,-1
GSM446085,-1
GSM446086,-1
GSM549599,-1
GSM726072,-1
GSM516808,-1
GSM312822,-1
GSM312823,-1
GSM312820,-1
GSM312821,-1
GSM312826,-1
GSM516803,-1
GSM312824,-1
GSM312825,-1
GSM447235,-1
GSM447230,-1
GSM447231,-1
GSM258599,-1
GSM258598,-1
GSM258593,-1
GSM258592,-1
GSM258591,-1
GSM258590,-1
GSM258597,-1
GSM258596,-1
GSM258595,-1
GSM258594,-1
GSM158901,-1
GSM158900,-1
GSM158903,-1
GSM158902,-1
GSM158905,-1
GSM158904,-1
GSM158907,-1
GSM158906,-1
GSM158909,-1
GSM158908,-1
GSM578633,-1
GSM361385,-1
GSM361384,-1
GSM361381,-1
GSM361380,-1
GSM361383,-1
GSM361382,-1
GSM231688,-1
GSM231689,-1
GSM231686,-1
GSM231687,-1
GSM231684,-1
GSM231685,-1
GSM231682,0
GSM231683,0
GSM231680,0
GSM231681,0
GSM494656,-1
GSM494657,-1
GSM494654,-1
GSM494655,-1
GSM494652,-1
GSM494653,-1
GSM494650,-1
GSM494651,-1
GSM494658,-1
GSM494659,-1
GSM651831,-1
GSM651837,-1
GSM651836,-1
GSM651835,-1
GSM651834,-1
GSM651839,-1
GSM651838,-1
GSM249788,-1
GSM249789,-1
GSM493976,-1
GSM493977,-1
GSM493974,-1
GSM493975,-1
GSM493972,-1
GSM493973,-1
GSM493970,-1
GSM493971,-1
GSM493978,-1
GSM493979,-1
GSM249783,-1
GSM483429,-1
GSM483428,-1
GSM483425,-1
GSM483424,-1
GSM483427,-1
GSM483426,-1
GSM483421,-1
GSM483420,-1
GSM483423,-1
GSM483422,-1
GSM447708,-1
GSM447709,-1
GSM447700,-1
GSM447701,-1
GSM447702,-1
GSM447703,-1
GSM447704,-1
GSM447705,-1
GSM447706,-1
GSM447707,-1
GSM342669,-1
GSM333453,-1
GSM342665,-1
GSM342664,-1
GSM342663,-1
GSM432142,-1
GSM432143,-1
GSM432140,-1
GSM432141,-1
GSM432144,-1
GSM432145,-1
GSM432148,-1
GSM260378,-1
GSM260379,-1
GSM306169,-1
GSM251994,-1
GSM251995,-1
GSM251996,-1
GSM251997,-1
GSM251990,-1
GSM251991,-1
GSM251992,-1
GSM251993,-1
GSM251998,-1
GSM251999,-1
GSM461090,-1
GSM461091,-1
GSM461092,-1
GSM408712,-1
GSM408713,-1
GSM408714,-1
GSM408715,-1
GSM408716,-1
GSM408717,-1
GSM408718,-1
GSM408719,-1
GSM408720,-1
GSM408721,-1
GSM452271,-1
GSM452272,-1
GSM452273,-1
GSM452274,-1
GSM452275,-1
GSM452276,-1
GSM452730,-1
GSM452736,-1
GSM551186,-1
GSM551187,-1
GSM551200,-1
GSM551201,-1
GSM551202,-1
GSM551203,-1
GSM574061,-1
GSM574062,-1
GSM574063,-1
GSM574064,-1
GSM574065,-1
GSM574066,-1
GSM574067,-1
GSM574068,-1
GSM574069,-1
GSM574070,-1
GSM574071,-1
GSM574072,-1
GSM574073,-1
GSM574074,-1
GSM574075,-1
GSM574076,-1
GSM574077,-1
GSM603054,-1
GSM603055,-1
GSM456340,-1
GSM456341,-1
GSM456342,-1
GSM456343,-1
GSM456344,-1
GSM456345,-1
GSM259834,-1
GSM259835,-1
GSM259836,-1
GSM259831,-1
GSM259832,-1
GSM259833,-1
GSM301599,-1
GSM301603,-1
GSM446264,-1
GSM446265,-1
GSM446266,-1
GSM446268,-1
GSM446269,-1
GSM446270,-1
GSM446271,-1
GSM446272,-1
GSM446273,-1
GSM720617,-1
GSM720619,-1
GSM149381,-1
GSM149382,-1
GSM149383,-1
GSM149384,-1
GSM149385,-1
GSM149386,-1
GSM149387,-1
GSM149388,-1
GSM149389,-1
GSM149390,-1
GSM149391,-1
GSM149392,-1
GSM149393,-1
GSM158373,-1
GSM158374,-1
GSM158375,-1
GSM158376,-1
GSM158377,-1
GSM158378,-1
GSM158379,-1
GSM158380,-1
GSM158381,-1
GSM158382,-1
GSM158383,-1
GSM158384,-1
GSM486225,-1
GSM486226,-1
GSM486227,-1
GSM486228,-1
GSM627988,-1
GSM627989,-1
GSM627990,-1
GSM627991,-1
GSM627992,-1
GSM627993,-1
GSM138622,-1
GSM138623,-1
GSM138624,-1
GSM138626,-1
GSM138627,-1
GSM138628,-1
GSM138629,-1
GSM138630,-1
GSM138631,-1
GSM138632,-1
GSM138633,-1
GSM143385,-1
GSM143386,-1
GSM143387,-1
GSM143389,-1
GSM143391,-1
GSM143393,-1
GSM143395,-1
GSM143397,-1
GSM456346,-1
GSM456347,-1
GSM456348,-1
GSM720616,-1
GSM720618,-1
GSM154182,-1
GSM154183,-1
GSM154184,-1
GSM486221,-1
GSM486222,-1
GSM486223,-1
GSM486224,-1
GSM627985,-1
GSM627986,-1
GSM627987,-1
GSM138625,-1
GSM143388,-1
GSM143390,-1
GSM143392,-1
GSM143394,-1
GSM143396,-1
GSM143398,-1
GSM301119,-1
GSM301132,-1
GSM301133,-1
GSM622576,-1
GSM622577,-1
GSM622578,-1
GSM622579,-1
GSM622580,-1
GSM622581,-1
GSM399780,-1
GSM399783,-1
GSM399784,-1
GSM399785,-1
GSM399786,-1
GSM399787,-1
GSM399788,-1
GSM399791,-1
GSM399792,-1
GSM399793,-1
GSM399794,-1
GSM399795,-1
GSM399796,-1
GSM399800,-1
GSM399801,-1
GSM399802,-1
GSM399803,-1
GSM399804,-1
GSM399805,-1
GSM399806,-1
GSM399807,-1
GSM399808,-1
GSM399809,-1
GSM399810,-1
GSM399811,-1
GSM399812,-1
GSM399813,-1
GSM399814,-1
GSM399815,-1
GSM399816,-1
GSM399817,-1
GSM399818,-1
GSM399819,-1
GSM399820,-1
GSM399821,-1
GSM399822,-1
GSM399823,-1
GSM399824,-1
GSM399825,-1
GSM399826,-1
GSM399827,-1
GSM399828,-1
GSM399829,-1
GSM399830,-1
GSM399831,-1
GSM399832,-1
GSM399836,-1
GSM399837,-1
GSM399838,-1
GSM399839,-1
GSM399840,-1
GSM399841,-1
GSM399842,-1
GSM399843,-1
GSM399844,-1
GSM399845,-1
GSM399846,-1
GSM399847,-1
GSM399848,-1
GSM399849,-1
GSM399850,-1
GSM399851,-1
GSM399852,-1
GSM399853,-1
GSM399854,-1
GSM399855,-1
GSM399856,-1
GSM399857,-1
GSM399858,-1
GSM399859,-1
GSM399860,-1
GSM399861,-1
GSM523800,-1
GSM523801,-1
GSM523802,-1
GSM523803,-1
GSM523804,-1
GSM523805,-1
GSM523806,-1
GSM523807,-1
GSM523808,-1
GSM523809,-1
GSM523810,-1
GSM523811,-1
GSM523812,-1
GSM523813,-1
GSM523814,-1
GSM523815,-1
GSM523816,-1
GSM523817,-1
GSM523818,-1
GSM523819,-1
GSM523820,-1
GSM523821,-1
GSM523822,-1
GSM523823,-1
GSM523824,-1
GSM523825,-1
GSM523826,-1
GSM523827,-1
GSM301104,-1
GSM301105,-1
GSM301106,-1
GSM399781,-1
GSM399782,-1
GSM399789,-1
GSM399790,-1
GSM399797,-1
GSM399798,-1
GSM399799,-1
GSM399833,-1
GSM399834,-1
GSM399835,-1
GSM138620,-1
GSM155920,-1
GSM155921,-1
GSM155922,-1
GSM155923,-1
GSM155924,-1
GSM155925,-1
GSM155929,-1
GSM155930,-1
GSM155931,-1
GSM155932,-1
GSM155933,-1
GSM155934,-1
GSM155935,-1
GSM155936,-1
GSM155937,-1
GSM155938,-1
GSM155939,-1
GSM155940,-1
GSM155941,-1
GSM155942,-1
GSM155943,-1
GSM155944,-1
GSM155945,-1
GSM155946,-1
GSM155949,-1
GSM155950,-1
GSM155951,-1
GSM155952,-1
GSM155953,-1
GSM155954,-1
GSM155955,-1
GSM155956,-1
GSM155957,-1
GSM155958,-1
GSM155959,-1
GSM155960,-1
GSM155962,-1
GSM155963,-1
GSM155965,-1
GSM155966,-1
GSM155967,-1
GSM155968,-1
GSM155969,-1
GSM155970,-1
GSM155971,-1
GSM155972,-1
GSM155973,-1
GSM155974,-1
GSM155975,-1
GSM155976,-1
GSM155977,-1
GSM155978,-1
GSM155979,-1
GSM155980,-1
GSM155981,-1
GSM155982,-1
GSM155983,-1
GSM155984,-1
GSM155985,-1
GSM155986,-1
GSM155987,-1
GSM155990,-1
GSM155991,-1
GSM155992,-1
GSM155993,-1
GSM489091,-1
GSM489092,-1
GSM489093,-1
GSM155919,-1
GSM155926,-1
GSM155927,-1
GSM155928,-1
GSM155947,-1
GSM155948,-1
GSM155961,-1
GSM155964,-1
GSM155988,-1
GSM155989,-1
GSM323066,-1
GSM323067,-1
GSM323068,-1
GSM323069,-1
GSM323070,-1
GSM323071,-1
GSM302414,-1
GSM302415,-1
GSM302416,-1
GSM302417,-1
GSM2532893,-1
GSM2532894,-1
GSM2532895,-1
GSM2532896,-1
GSM2532897,-1
GSM2532898,-1
GSM2532899,-1
GSM2532900,-1
GSM2532901,-1
GSM2532902,-1
GSM2532903,-1
GSM2532904,-1
GSM2532905,-1
GSM2532906,-1
GSM2532907,-1
GSM2532908,-1
GSM2532909,-1
GSM2532910,-1
GSM2532911,-1
GSM2532912,-1
GSM2532913,-1
GSM2532914,-1
GSM2532915,-1
GSM2686835,-1
GSM2686836,-1
GSM2686837,-1
GSM2686838,-1
GSM2686839,-1
GSM2686840,-1
GSM2686841,-1
GSM2686842,-1
GSM2686843,-1
GSM2686844,-1
GSM2686845,-1
GSM2686846,-1
GSM2686847,-1
GSM2686848,-1
GSM2686849,-1
GSM2686850,-1
GSM2686851,-1
GSM2686852,-1
GSM2686853,-1
GSM2686854,-1
GSM2686855,-1
GSM2686856,-1
GSM2686857,-1
GSM2686858,-1
GSM2686859,-1
GSM2686860,-1
GSM2686861,-1
GSM2686862,-1
GSM2686863,-1
GSM2686864,-1
GSM2686865,-1
GSM2686866,-1
GSM2691922,-1
GSM2691923,-1
GSM2691924,-1
GSM2691925,-1
GSM2691926,-1
GSM2695320,-1
GSM2695321,-1
GSM2695574,-1
GSM2695575,-1
GSM2695576,-1
GSM2695577,-1
GSM2695578,-1
GSM2695579,-1
GSM2695580,-1
GSM2695581,-1
GSM2695582,-1
GSM2695583,-1
GSM2695584,-1
GSM2695585,-1
GSM2695586,-1
GSM2695587,-1
GSM2695588,-1
GSM2702976,-1
GSM2702977,-1
GSM2702978,-1
GSM2702979,-1
GSM2702980,-1
GSM2702981,-1
GSM2705022,-1
GSM2705023,-1
GSM2705024,-1
GSM2705025,-1
GSM2705026,-1
GSM2705027,-1
GSM2705028,-1
GSM2705029,-1
GSM2705030,-1
GSM2712676,-1
GSM2712677,-1
GSM2712678,-1
GSM2712679,-1
GSM2712680,-1
GSM2712681,-1
GSM2712682,-1
GSM2712683,-1
GSM2712684,-1
GSM2712685,-1
GSM2712686,-1
GSM2712687,-1
GSM2712688,-1
GSM2712689,-1
GSM2712690,-1
GSM2712691,-1
GSM2712692,-1
GSM2712693,-1
GSM2712694,-1
GSM2712695,-1
GSM2712696,-1
GSM2712697,-1
GSM2712698,-1
GSM2712699,-1
GSM2712700,-1
GSM2712701,-1
GSM2712702,-1
GSM2712703,-1
GSM2712704,-1
GSM2712705,-1
GSM2712706,-1
GSM2712707,-1
GSM2712708,-1
GSM2712709,-1
GSM2712710,-1
GSM2712711,-1
GSM2712712,-1
GSM2712713,-1
GSM2712714,-1
GSM2712715,-1
GSM2712716,-1
GSM2712717,-1
GSM2712718,-1
GSM2712719,-1
GSM2714506,-1
GSM2714507,-1
GSM2714508,-1
GSM2714509,-1
GSM2714510,-1
GSM2714511,-1
GSM2714512,-1
GSM2714513,-1
GSM2714514,-1
GSM2714515,-1
GSM2714516,-1
GSM2714517,-1
GSM2714518,-1
GSM2714519,-1
GSM2714520,-1
GSM2714521,-1
GSM2722357,-1
GSM2722364,-1
GSM2722365,-1
GSM2722371,-1
GSM2730425,-1
GSM2730426,-1
GSM2730427,-1
GSM2730428,-1
GSM2730429,-1
GSM2730430,-1
GSM2730431,-1
GSM2730432,-1
GSM2730433,-1
GSM2730434,-1
GSM2730435,-1
GSM2730436,-1
GSM2730437,-1
GSM2730438,-1
GSM2730439,-1
GSM2730440,-1
GSM2730441,-1
GSM2730442,-1
GSM2743844,-1
GSM2743845,-1
GSM2743846,-1
GSM2743847,-1
GSM2743848,-1
GSM2743849,-1
GSM2743850,-1
GSM2743851,-1
GSM2743852,-1
GSM2743853,-1
GSM2743854,-1
GSM2743855,-1
GSM2756550,-1
GSM2756551,-1
GSM2756552,-1
GSM2756553,-1
GSM2756554,-1
GSM2756555,-1
GSM2862345,-1
GSM2862347,-1
GSM2862348,-1
GSM2862351,-1
GSM2862353,-1
GSM2862354,-1
GSM1519618,0
GSM1519619,0
GSM1519620,0
GSM1519621,0
GSM1519623,0
GSM1519624,0
GSM1580869,0
GSM1580870,0
GSM1580871,0
GSM1580872,0
GSM1580873,0
GSM1580874,0
GSM1580875,0
GSM1580876,0
GSM1580877,0
GSM1580878,0
GSM1580879,0
GSM1580880,0
GSM1580881,0
GSM1580882,0
GSM1580883,0
GSM1580884,0
GSM1580885,0
GSM1580886,0
GSM1580887,0
GSM1580888,0
GSM1580889,0
GSM1580890,0
GSM1580891,0
GSM1580892,0
GSM1580893,0
GSM1580894,0
GSM1580895,0
GSM1580896,0
GSM1580897,0
GSM1580898,0
GSM1580899,0
GSM1580900,0
GSM1580901,0
GSM1580902,0
GSM1580903,0
GSM1580904,0
GSM1580905,0
GSM1580906,0
GSM1580907,0
GSM1580908,0
GSM1580909,0
GSM1580910,0
GSM1580911,0
GSM1580912,0
GSM1580913,0
GSM1580914,0
GSM1580915,0
GSM1580916,0
GSM1580917,0
GSM1695905,0
GSM1695906,0
GSM2693413,0
GSM2693414,0
GSM2693415,0
GSM2693416,0
GSM2693417,0
GSM2693418,0
GSM2693419,0
GSM2693420,0
GSM2693421,0
GSM2693422,0
GSM2693423,0
GSM2693424,0
GSM2693425,0
GSM2693427,0
GSM2693429,0
GSM2693435,0
GSM2693436,0
GSM2693437,0
GSM2693441,0
GSM2693443,0
GSM2693445,0
GSM2693447,0
GSM2693448,0
GSM2693449,0
GSM2693451,0
GSM2705366,0
GSM2705367,0
GSM2705368,0
GSM2705369,0
GSM2705370,0
GSM2705371,0
GSM2705372,0
GSM2705373,0
GSM2705374,0
GSM2705375,0
GSM2705376,0
GSM2705377,0
GSM2705378,0
GSM2705379,0
GSM2705380,0
GSM2705381,0
GSM2705382,0
GSM2705383,0
GSM2705384,0
GSM2705385,0
GSM2705386,0
GSM2705387,0
GSM2705388,0
GSM2705389,0
GSM2705390,0
GSM2705391,0
GSM2705392,0
GSM2705393,0
GSM2705394,0
GSM2705395,0
GSM2705396,0
GSM2705397,0
GSM2705398,0
GSM2705399,0
GSM2705400,0
GSM2705401,0
GSM2705402,0
GSM2705403,0
GSM2705404,0
GSM2705405,0
GSM2705406,0
GSM2705407,0
GSM2705408,0
GSM2705409,0
GSM2705410,0
GSM2705411,0
GSM2705412,0
GSM2705413,0
GSM2705414,0
GSM2705415,0
GSM2705416,0
GSM2705417,0
GSM2705418,0
GSM2705419,0
GSM2705420,0
GSM2705421,0
GSM2705422,0
GSM2705423,0
GSM2705424,0
GSM2739764,0
GSM2739765,0
GSM2739766,0
GSM2739767,0
GSM2739768,0
GSM2739769,0
GSM2739770,0
GSM2739771,0
GSM2739772,0
GSM2740605,0
GSM2740606,0
GSM2740607,0
GSM2740608,0
GSM2740609,0
GSM2740610,0
GSM2740611,0
GSM2740612,0
GSM2740613,0
GSM2740614,0
GSM2740615,0
GSM2740616,0
GSM2740617,0
GSM2740618,0
GSM2740619,0
GSM2740620,0
GSM2740621,0
GSM2740622,0
GSM2740623,0
GSM2740625,0
GSM2740627,0
GSM2740630,0
GSM2740631,0
GSM2740632,0
GSM2740633,0
GSM2740634,0
GSM2740635,0
GSM2740636,0
GSM2740637,0
GSM2740638,0
GSM2740639,0
GSM2740640,0
GSM2740641,0
GSM2740642,0
GSM2740643,0
GSM2740644,0
GSM2740645,0
GSM2740646,0
GSM2740647,0
GSM2740648,0
GSM2740649,0
GSM2740650,0
GSM2740651,0
GSM2740652,0
GSM2740653,0
GSM2740654,0
GSM2740655,0
GSM2740656,0
GSM2740657,0
GSM2740658,0
GSM2740659,0
GSM2740660,0
GSM2740661,0
GSM2740662,0
GSM2740663,0
GSM2740664,0
GSM2740665,0
GSM2740666,0
GSM2740667,0
GSM2740668,0
GSM2740669,0
GSM2740670,0
GSM2740671,0
GSM2740672,0
GSM2740673,0
GSM2740674,0
GSM2740675,0
GSM2740676,0
GSM2740677,0
GSM2740678,0
GSM2740679,0
GSM2740680,0
GSM2740681,0
GSM2740682,0
GSM2740683,0
GSM2740684,0
GSM2740685,0
GSM2740686,0
GSM2740687,0
GSM2740688,0
GSM2740689,0
GSM2740690,0
GSM2740691,0
GSM2740692,0
GSM2740693,0
GSM2740694,0
GSM2740695,0
GSM2740696,0
GSM2740697,0
GSM2740698,0
GSM2740699,0
GSM2740700,0
GSM2740701,0
GSM2740702,0
GSM2740703,0
GSM2740704,0
GSM2740705,0
GSM2740706,0
GSM2740707,0
GSM2740708,0
GSM2740727,0
GSM2740728,0
GSM2740729,0
GSM2740730,0
GSM2740731,0
GSM2740732,0
GSM2740733,0
GSM2740734,0
GSM2740735,0
GSM2740736,0
GSM2740737,0
GSM2740738,0
GSM2740739,0
GSM2740740,0
GSM2740741,0
GSM2740742,0
GSM2740743,0
GSM2740744,0
GSM2740745,0
GSM2740746,0
GSM2740747,0
GSM2740748,0
GSM2740749,0
GSM2740750,0
GSM2740751,0
GSM2740752,0
GSM2740753,0
GSM2740754,0
GSM2740755,0
GSM2740756,0
GSM2740757,0
GSM2740758,0
GSM2740759,0
GSM2740760,0
GSM2740761,0
GSM2740762,0
GSM2740763,0
GSM2740764,0
GSM2740765,0
GSM2740766,0
GSM2740767,0
GSM2740768,0
GSM2740769,0
GSM2740770,0
GSM2740771,0
GSM2740772,0
GSM2740773,0
GSM2740774,0
GSM2740775,0
GSM2740776,0
GSM2740777,0
GSM2740778,0
GSM2740779,0
GSM2740780,0
GSM2740781,0
GSM2740782,0
GSM2740783,0
GSM2740784,0
GSM2740785,0
GSM2740786,0
GSM2740787,0
GSM2740788,0
GSM2740789,0
GSM2740790,0
GSM2740791,0
GSM2740792,0
GSM2740793,0
GSM2740794,0
GSM2740795,0
GSM2740796,0
GSM2740797,0
GSM2740798,0
GSM2740799,0
GSM2740800,0
GSM2740801,0
GSM2740802,0
GSM2740803,0
GSM2740804,0
GSM2740805,0
GSM2740806,0
GSM2740807,0
GSM2740808,0
GSM2740809,0
GSM2740810,0
GSM2740811,0
GSM2740812,0
GSM2740813,0
GSM2740814,0
GSM2740815,0
GSM2740816,0
GSM2740817,0
GSM2740818,0
GSM2740819,0
GSM2740820,0
GSM2740821,0
GSM2740822,0
GSM2740823,0
GSM2740824,0
GSM2740825,0
GSM2740826,0
GSM2740827,0
GSM2740828,0
GSM2740829,0
GSM2740830,0
GSM2740831,0
GSM2740832,0
GSM2740833,0
GSM2740834,0
GSM2740835,0
GSM2740836,0
GSM2740837,0
GSM2740838,0
GSM2740839,0
GSM2740840,0
GSM2740841,0
GSM2740842,0
GSM2740843,0
GSM2740844,0
GSM2740845,0
GSM2740846,0
GSM2740847,0
GSM2740848,0
GSM2740849,0
GSM2740850,0
GSM2740851,0
GSM2740852,0
GSM2740853,0
GSM2740854,0
GSM2740855,0
GSM2740856,0
GSM2740857,0
GSM2740858,0
GSM2740859,0
GSM2740860,0
GSM2740861,0
GSM2740862,0
GSM2740863,0
GSM2740864,0
GSM2740865,0
GSM2740866,0
GSM2740867,0
GSM2740868,0
GSM2740869,0
GSM2740870,0
GSM2740871,0
GSM2740872,0
GSM2740873,0
GSM2740874,0
GSM2740875,0
GSM2740876,0
GSM2740877,0
GSM2740878,0
GSM2740879,0
GSM2740880,0
GSM2740881,0
GSM2740882,0
GSM2740883,0
GSM2740884,0
GSM2740885,0
GSM2740886,0
GSM2740887,0
GSM2740888,0
GSM2740889,0
GSM2745899,0
GSM2745900,0
GSM2745901,0
GSM2745902,0
GSM2745903,0
GSM2745904,0
GSM2745905,0
GSM2745906,0
GSM2745907,0
GSM2745908,0
GSM2745909,0
GSM2745910,0
GSM2745911,0
GSM2745912,0
GSM2745913,0
GSM2745914,0
GSM2745915,0
GSM2745916,0
GSM2745917,0
GSM2745918,0
GSM2745919,0
GSM2745920,0
GSM2745921,0
GSM2745922,0
GSM2745923,0
GSM2745924,0
GSM2745925,0
GSM2745926,0
GSM2745927,0
GSM2745928,0
GSM2745929,0
GSM2745930,0
GSM2745931,0
GSM2745932,0
GSM2745933,0
GSM2745934,0
GSM2745935,0
GSM2745936,0
GSM2745937,0
GSM2745938,0
GSM2745939,0
GSM2745940,0
GSM2745941,0
GSM2745942,0
GSM2745943,0
GSM2745944,0
GSM2745945,0
GSM2745946,0
GSM2745947,0
GSM2745948,0
GSM2745949,0
GSM2745950,0
GSM2745961,0
GSM1567916,-1
GSM1567917,-1
GSM1567918,-1
GSM1567919,-1
GSM1567920,-1
GSM1567921,-1
GSM1567922,-1
GSM1695907,-1
GSM1695908,-1
GSM2831016,-1
GSM2831020,-1
GSM2831023,-1
GSM2831025,-1
GSM2831027,-1
GSM2831028,-1
GSM2845466,-1
GSM2845467,-1
GSM2991820,-1
GSM2991821,-1
GSM2991822,-1
GSM2991823,-1
GSM2991824,-1
GSM2991825,-1
GSM2991826,-1
GSM2991827,-1
GSM2991846,-1
GSM2991847,-1
GSM2991848,-1
GSM2991849,-1
GSM2991850,-1
GSM2991851,-1
GSM2991852,-1
GSM2991853,-1
GSM2991854,-1
GSM2991855,-1
GSM2991856,-1
GSM2991857,-1
GSM2991858,-1
GSM2991859,-1
GSM3067968,-1
GSM3067969,-1
GSM3067970,-1
GSM3067971,-1
GSM3067972,-1
GSM3067973,-1
GSM3067974,-1
GSM3067975,-1
GSM3067976,-1
GSM3067978,-1
GSM3067979,-1
GSM3067980,-1
GSM3067981,-1
GSM3067982,-1
GSM3067983,-1
GSM3067984,-1
GSM3067985,-1
GSM3067986,-1
GSM3067987,-1
GSM3067988,-1
GSM3067989,-1
GSM3067990,-1
GSM3067991,-1
GSM3067992,-1
GSM3067993,-1
GSM3067994,-1
GSM3067995,-1
GSM3067996,-1
GSM3067997,-1
GSM3067998,-1
GSM3067999,-1
GSM3068000,-1
GSM3068001,-1
GSM3068002,-1
GSM3068003,-1
GSM3068004,-1
GSM3068005,-1
GSM3068006,-1
GSM3068007,-1
GSM3417066,-1
GSM3417067,-1
GSM3417068,-1
GSM3417069,-1
GSM3417071,-1
GSM3417074,-1
GSM3417075,-1
GSM3417076,-1
GSM3417079,-1
GSM3417080,-1
GSM3417081,-1
GSM3417082,-1
GSM3417084,-1
GSM3417085,-1
GSM3417087,-1
GSM3417088,-1
GSM3417090,-1
GSM3417091,-1
GSM3417092,-1
GSM3417094,-1
GSM3417095,-1
GSM1567923,-1
GSM1567924,-1
GSM1567925,-1
GSM1567926,-1
GSM1567927,-1
GSM1567928,-1
GSM1567929,-1
GSM1580775,-1
GSM1580776,-1
GSM1580777,-1
GSM1580778,-1
GSM1580779,-1
GSM1580780,-1
GSM1580781,-1
GSM1580782,-1
GSM1580783,-1
GSM1580784,-1
GSM1580785,-1
GSM1580786,-1
GSM1580787,-1
GSM1580788,-1
GSM2127804,-1
GSM2127805,-1
GSM2127806,-1
GSM2127807,-1
GSM2127808,-1
GSM2127809,-1
GSM2184758,-1
GSM2184759,-1
GSM2184760,-1
GSM2184761,-1
GSM2184762,-1
GSM2184763,-1
GSM2184764,-1
GSM2184765,-1
GSM2184766,-1
GSM2184767,-1
GSM2430374,-1
GSM2705578,-1
GSM2705579,-1
GSM2705581,-1
GSM2705582,-1
GSM2705585,-1
GSM1695909,-1
GSM1695910,-1
GSM1960355,-1
GSM1960356,-1
GSM1960357,-1
GSM2127795,-1
GSM2127796,-1
GSM2127797,-1
GSM2680338,-1
GSM2680339,-1
GSM2680340,-1
GSM2680341,-1
GSM2680342,-1
GSM2680343,-1
GSM2698818,-1
GSM2698819,-1
GSM2698820,-1
GSM2698823,-1
GSM2698824,-1
GSM2698826,-1
GSM2698827,-1
GSM2698828,-1
GSM2698829,-1
GSM2730123,-1
GSM2730124,-1
GSM2730125,-1
GSM2730126,-1
GSM2730127,-1
GSM2730128,-1
GSM2730129,-1
GSM2730130,-1
GSM2740942,-1
GSM2740943,-1
GSM2740944,-1
GSM2740945,-1
GSM2740946,-1
GSM2740947,-1
GSM2740948,-1
GSM2740949,-1
GSM2740950,-1
GSM2740951,-1
GSM2740952,-1
GSM2740953,-1
GSM2740954,-1
GSM2740955,-1
GSM2740956,-1
GSM1567933,-1
GSM1567934,-1
GSM1567935,-1
GSM1567936,-1
GSM1567937,-1
GSM1567938,-1
GSM2687353,-1
GSM2687354,-1
GSM2687355,-1
GSM2687356,-1
GSM2687357,-1
GSM2687358,-1
GSM2687359,-1
GSM2687360,-1
GSM2687361,-1
GSM2687363,-1
GSM2687364,-1
GSM2687365,-1
GSM2687366,-1
GSM2687367,-1
GSM2687368,-1
GSM2687369,-1
GSM2690847,-1
GSM2690848,-1
GSM2690849,-1
GSM2690850,-1
GSM2690851,-1
GSM2690852,-1
GSM2690853,-1
GSM2690854,-1
GSM2690855,-1
GSM2690856,-1
GSM2690857,-1
GSM2706087,-1
GSM2706088,-1
GSM2706089,-1
GSM2706090,-1
GSM2706091,-1
GSM2706093,-1
GSM2714484,-1
GSM2714485,-1
GSM2714486,-1
GSM2714487,-1
GSM2714488,-1
GSM2714489,-1
GSM2714490,-1
GSM2714491,-1
GSM2714492,-1
GSM2714493,-1
GSM2714494,-1
GSM2714495,-1
GSM2714496,-1
GSM2714497,-1
GSM2714498,-1
GSM2714499,-1
GSM2714500,-1
GSM2714501,-1
GSM2730059,-1
GSM2730060,-1
GSM2730061,-1
GSM2730062,-1
GSM2730063,-1
GSM2730064,-1
GSM2742113,-1
GSM2742114,-1
GSM2742115,-1
GSM2742116,-1
GSM2742117,-1
GSM2742118,-1
GSM2742119,-1
GSM2742120,-1
GSM2742121,-1
GSM2742122,-1
GSM2747280,-1
GSM2747281,-1
GSM2747282,-1
GSM2747283,-1
GSM2747284,-1
GSM2747285,-1
GSM2747286,-1
GSM2747287,-1
GSM2747288,-1
GSM2747289,-1
GSM2747290,-1
GSM2747291,-1
GSM2770634,-1
GSM2770642,-1
GSM2770644,-1
GSM2770646,-1
GSM2770648,-1
GSM2770649,-1
GSM2770658,-1
GSM2770667,-1
GSM2770680,-1
GSM2770685,-1
GSM2770686,-1
GSM2770688,-1
GSM2770690,-1
GSM2774822,-1
GSM2774823,-1
GSM2774824,-1
GSM2774825,-1
GSM2774826,-1
GSM2774827,-1
GSM2774828,-1
GSM2774829,-1
GSM2774830,-1
GSM2774831,-1
GSM2774832,-1
GSM2774833,-1
GSM2774834,-1
GSM2774835,-1
GSM2774836,-1
GSM2774837,-1
GSM2774838,-1
GSM2774847,-1
GSM2774849,-1
GSM2774851,-1
GSM2774852,-1
GSM2774853,-1
GSM2774857,-1
GSM2774860,-1
GSM2774862,-1
GSM2774865,-1
GSM2774867,-1
GSM2774868,-1
GSM2774870,-1
GSM2774872,-1
GSM2774873,-1
GSM2774874,-1
GSM2774875,-1
GSM2774876,-1
GSM2774877,-1
GSM2774878,-1
GSM2774879,-1
GSM2774880,-1
GSM2774881,-1
GSM2774882,-1
GSM2774883,-1
GSM2774884,-1
GSM2774885,-1
GSM2774886,-1
GSM2774887,-1
GSM2774888,-1
GSM2774889,-1
GSM2774890,-1
GSM2774892,-1
GSM2774893,-1
GSM2774894,-1
GSM2774895,-1
GSM2774896,-1
GSM2774897,-1
GSM2774898,-1
GSM2774899,-1
GSM2774900,-1
GSM2774901,-1
GSM2774902,-1
GSM2774903,-1
GSM2774904,-1
GSM2774905,-1
GSM2774906,-1
GSM2774908,-1
GSM2774910,-1
GSM2774911,-1
GSM2774912,-1
GSM2774913,-1
GSM2774915,-1
GSM2774916,-1
GSM2774917,-1
GSM2774918,-1
GSM2774919,-1
GSM2774920,-1
GSM2774921,-1
GSM2774922,-1
GSM2774923,-1
GSM2774924,-1
GSM2774925,-1
GSM2774926,-1
GSM2774927,-1
GSM2774928,-1
GSM2774929,-1
GSM2774930,-1
GSM2774931,-1
GSM2774932,-1
GSM2774933,-1
GSM2774934,-1
GSM2774935,-1
GSM2774936,-1
GSM2774937,-1
GSM2774938,-1
GSM2774939,-1
GSM2774940,-1
GSM2774941,-1
GSM2774942,-1
GSM2774943,-1
GSM2774944,-1
GSM2774945,-1
GSM2774946,-1
GSM2774949,-1
GSM2774950,-1
GSM2774951,-1
GSM1010948,-1
GSM1101662,-1
GSM1101975,-1
GSM1196045,-1
GSM1505580,-1
GSM1505605,-1
GSM1547996,-1
GSM1547997,-1
GSM1547998,-1
GSM1547999,-1
GSM1548000,-1
GSM1548001,-1
GSM1548002,-1
GSM1548003,-1
GSM1548004,-1
GSM2193198,-1
GSM2343138,-1
GSM2344226,-1
GSM2453417,-1
GSM3415785,-1
GSM3415786,-1
GSM3415852,-1
GSM3415878,-1
GSM3560280,-1
GSM3560281,-1
GSM3613418,-1
GSM3613420,-1
GSM3617822,-1
GSM979869,-1
GSM979870,-1
GSM1548048,-1
GSM1548051,-1
GSM1548052,-1
GSM1548053,-1
GSM1548054,-1
GSM1548055,-1
GSM1548056,-1
GSM1548057,-1
GSM1548058,-1
GSM1548059,-1
GSM1548060,-1
GSM1548061,-1
GSM1548062,-1
GSM1548063,-1
GSM1548064,-1
GSM1548065,-1
GSM1548068,-1
GSM1548069,-1
GSM2359203,-1
GSM2359204,-1
GSM2359206,-1
GSM2359207,-1
GSM2359208,-1
GSM2359210,-1
GSM2359212,-1
GSM2359214,-1
GSM2359215,-1
GSM2359216,-1
GSM2359217,-1
GSM2537176,-1
GSM2537177,-1
GSM2537178,-1
GSM2537179,-1
GSM2537180,-1
GSM2537181,-1
GSM2537182,-1
GSM2537183,-1
GSM2537184,-1
GSM2537185,-1
GSM2537186,-1
GSM2537187,-1
GSM1288379,0
GSM1288381,0
GSM1288385,0
GSM1288387,0
GSM1288388,0
GSM1288389,0
GSM1580918,0
GSM1580919,0
GSM1580920,0
GSM1580921,0
GSM1580922,0
GSM1580923,0
GSM1580924,0
GSM1580925,0
GSM1580926,0
GSM1580927,0
GSM1580928,0
GSM1580929,0
GSM1580930,0
GSM1580931,0
GSM1580932,0
GSM1580933,0
GSM1580934,0
GSM1580935,0
GSM1580936,0
GSM1642279,0
GSM1642281,0
GSM1642283,0
GSM1642285,0
GSM1642287,0
GSM1642289,0
GSM1642291,0
GSM1642293,0
GSM1642295,0
GSM1642297,0
GSM1642299,0
GSM1642301,0
GSM1642303,0
GSM1642305,0
GSM1642307,0
GSM1642311,0
GSM1642313,0
GSM1642315,0
GSM1642317,0
GSM1642319,0
GSM1642323,0
GSM1642325,0
GSM1642327,0
GSM1642329,0
GSM1642330,0
GSM1679648,0
GSM1679649,0
GSM1679650,0
GSM1679651,0
GSM1679652,0
GSM1679653,0
GSM1679655,0
GSM1679656,0
GSM1679657,0
GSM1679658,0
GSM1679659,0
GSM1679660,0
GSM1679661,0
GSM1679662,0
GSM1679663,0
GSM1679664,0
GSM1679665,0
GSM1679666,0
GSM1679667,0
GSM1679668,0
GSM1679669,0
GSM1679670,0
GSM1679671,0
GSM1679672,0
GSM1679673,0
GSM1679674,0
GSM1679675,0
GSM1679676,0
GSM1679677,0
GSM1679678,0
GSM1679679,0
GSM1679680,0
GSM1679681,0
GSM1679682,0
GSM1679683,0
GSM1679684,0
GSM1679685,0
GSM1679686,0
GSM1679687,0
GSM1679688,0
GSM1679689,0
GSM1679690,0
GSM1679691,0
GSM1679692,0
GSM1679693,0
GSM1679694,0
GSM1679695,0
GSM1679696,0
GSM1679697,0
GSM1679698,0
GSM1679699,0
GSM1679700,0
GSM1679701,0
GSM1679702,0
GSM1679703,0
GSM1679704,0
GSM1679705,0
GSM1679706,0
GSM1679707,0
GSM1679708,0
GSM1679709,0
GSM1679710,0
GSM1679712,0
GSM1679713,0
GSM1679714,0
GSM1679715,0
GSM1679716,0
GSM1679717,0
GSM1679718,0
GSM1679719,0
GSM1679720,0
GSM2132213,0
GSM2132214,0
GSM2132215,0
GSM2132216,0
GSM2132226,0
GSM2132227,0
GSM2132228,0
GSM2132229,0
GSM2132230,0
GSM2132231,0
GSM2132232,0
GSM2132233,0
GSM2132234,0
GSM2132241,0
GSM2132242,0
GSM2132243,0
GSM2132244,0
GSM2132262,0
GSM2132263,0
GSM2132264,0
GSM2132265,0
GSM2132272,0
GSM2132273,0
GSM2132274,0
GSM2132275,0
GSM2132284,0
GSM2132285,0
GSM2132286,0
GSM2132287,0
GSM2132296,0
GSM2132297,0
GSM2132298,0
GSM2132299,0
GSM2132308,0
GSM2132309,0
GSM2132310,0
GSM2132311,0
GSM2132320,0
GSM2132321,0
GSM2132322,0
GSM2132323,0
GSM2132332,0
GSM2132333,0
GSM2132334,0
GSM2132335,0
GSM2132343,0
GSM2132344,0
GSM2132345,0
GSM2132354,0
GSM2132356,0
GSM2132357,0
GSM2132366,0
GSM2132367,0
GSM2132368,0
GSM2132369,0
GSM2132378,0
GSM2132379,0
GSM2132380,0
GSM2132381,0
GSM2132390,0
GSM2132391,0
GSM2132392,0
GSM2132393,0
GSM2132402,0
GSM2132403,0
GSM2132404,0
GSM2132405,0
GSM2132412,0
GSM2132413,0
GSM2132414,0
GSM2132422,0
GSM2132433,0
GSM2132434,0
GSM2132436,0
GSM2132440,0
GSM2132446,0
GSM2132456,0
GSM2132457,0
GSM2132458,0
GSM2132459,0
GSM2132460,0
GSM2132461,0
GSM2132462,0
GSM2132467,0
GSM2132471,0
GSM2132481,0
GSM2677879,-1
GSM2677880,-1
GSM2677881,-1
GSM2677882,-1
GSM2677883,-1
GSM2677884,-1
GSM2687362,-1
GSM1256811,-1
GSM1256813,-1
GSM1256815,-1
GSM1256824,-1
GSM1256825,-1
GSM1256826,-1
GSM1256829,-1
GSM1256830,-1
GSM1256831,-1
GSM1256832,-1
GSM1372330,-1
GSM1372331,-1
GSM1372332,-1
GSM1372334,-1
GSM1384782,-1
GSM1384784,-1
GSM1384785,-1
GSM1384787,-1
GSM1384788,-1
GSM1384789,-1
GSM1384790,-1
GSM1401327,-1
GSM1401329,-1
GSM1401335,-1
GSM1401344,-1
GSM1401347,-1
GSM1401348,-1
GSM1401349,-1
GSM1401350,-1
GSM1401351,-1
GSM1401352,-1
GSM1401353,-1
GSM1401354,-1
GSM1401355,-1
GSM1401359,-1
GSM1401361,-1
GSM1401362,-1
GSM1401363,-1
GSM1401364,-1
GSM1401366,-1
GSM1401368,-1
GSM1407379,-1
GSM1407380,-1
GSM1407381,-1
GSM1407382,-1
GSM1407383,-1
GSM1407385,-1
GSM1407387,-1
GSM1407388,-1
GSM1407390,-1
GSM1407391,-1
GSM1407392,-1
GSM1407393,-1
GSM1407394,-1
GSM1407395,-1
GSM1407396,-1
GSM1407397,-1
GSM1407398,-1
GSM1407400,-1
GSM1407401,-1
GSM1407402,-1
GSM1467792,-1
GSM1467795,-1
GSM1467796,-1
GSM1467801,-1
GSM1467804,-1
GSM1467809,-1
GSM1467819,-1
GSM1467822,-1
GSM1467825,-1
GSM1467831,-1
GSM1467834,-1
GSM1480807,-1
GSM1480808,-1
GSM1480809,-1
GSM1480810,-1
GSM1480811,-1
GSM1480812,-1
GSM1480818,-1
GSM1480819,-1
GSM1480820,-1
GSM1480821,-1
GSM1480822,-1
GSM1480823,-1
GSM1506096,-1
GSM1506097,-1
GSM1506098,-1
GSM1506099,-1
GSM1506100,-1
GSM1506101,-1
GSM1506102,-1
GSM1506103,-1
GSM1506104,-1
GSM1506105,-1
GSM1520018,-1
GSM1520019,-1
GSM1520020,-1
GSM1520021,-1
GSM1520022,-1
GSM1520023,-1
GSM1520024,-1
GSM1520025,-1
GSM1580954,-1
GSM1580955,-1
GSM1580956,-1
GSM1580957,-1
GSM1580958,-1
GSM1580959,-1
GSM1580960,-1
GSM1580961,-1
GSM1580962,-1
GSM1580963,-1
GSM1580964,-1
GSM1580965,-1
GSM1580966,-1
GSM1580967,-1
GSM1580968,-1
GSM1580969,-1
GSM1580970,-1
GSM1580971,-1
GSM1580972,-1
GSM1580973,-1
GSM1580974,-1
GSM1580975,-1
GSM1580976,-1
GSM1580977,-1
GSM1580978,-1
GSM1580979,-1
GSM1580980,-1
GSM1580981,-1
GSM1580982,-1
GSM1580984,-1
GSM1580985,-1
GSM1580986,-1
GSM1580987,-1
GSM1580988,-1
GSM1580989,-1
GSM1580990,-1
GSM1580991,-1
GSM1580992,-1
GSM1580993,-1
GSM1580994,-1
GSM1580995,-1
GSM1580996,-1
GSM1580997,-1
GSM1580998,-1
GSM1580999,-1
GSM1581000,-1
GSM1581001,-1
GSM1581002,-1
GSM1581003,-1
GSM1581004,-1
GSM1581005,-1
GSM1581006,-1
GSM1581007,-1
GSM1581008,-1
GSM1581009,-1
GSM1581010,-1
GSM1581011,-1
GSM1581012,-1
GSM1581013,-1
GSM1581014,-1
GSM1581015,-1
GSM1581016,-1
GSM1581017,-1
GSM1581018,-1
GSM1581019,-1
GSM1581020,-1
GSM1581021,-1
GSM1581022,-1
GSM1581023,-1
GSM1581024,-1
GSM1581025,-1
GSM1581026,-1
GSM1581027,-1
GSM1581028,-1
GSM1581029,-1
GSM1581030,-1
GSM1581031,-1
GSM1581032,-1
GSM1581033,-1
GSM1581034,-1
GSM1581035,-1
GSM1581036,-1
GSM1581037,-1
GSM1581038,-1
GSM1581039,-1
GSM1581040,-1
GSM1581041,-1
GSM1581042,-1
GSM1581043,-1
GSM1581044,-1
GSM1581045,-1
GSM1581046,-1
GSM1581047,-1
GSM1581048,-1
GSM1581049,-1
GSM1581050,-1
GSM1581051,-1
GSM1581052,-1
GSM1581053,-1
GSM1581054,-1
GSM1581055,-1
GSM1581056,-1
GSM1581057,-1
GSM1581058,-1
GSM1581059,-1
GSM1581060,-1
GSM1581061,-1
GSM1581062,-1
GSM1581064,-1
GSM1581065,-1
GSM1581066,-1
GSM1581067,-1
GSM1581068,-1
GSM1581069,-1
GSM1581070,-1
GSM1581071,-1
GSM1581072,-1
GSM1581073,-1
GSM1581074,-1
GSM1581075,-1
GSM1581076,-1
GSM1581077,-1
GSM1581078,-1
GSM1581079,-1
GSM1581080,-1
GSM1581081,-1
GSM1581082,-1
GSM1581083,-1
GSM1581084,-1
GSM1581085,-1
GSM1581086,-1
GSM1581087,-1
GSM1581088,-1
GSM1581090,-1
GSM1581091,-1
GSM1581092,-1
GSM1581093,-1
GSM1581094,-1
GSM1581095,-1
GSM1581096,-1
GSM1581097,-1
GSM1581098,-1
GSM1581099,-1
GSM1581100,-1
GSM1581101,-1
GSM1581102,-1
GSM1581103,-1
GSM1581104,-1
GSM1581105,-1
GSM1581106,-1
GSM1581107,-1
GSM1581108,-1
GSM1581109,-1
GSM1581110,-1
GSM1581111,-1
GSM1581112,-1
GSM1581113,-1
GSM1581114,-1
GSM1581115,-1
GSM1581116,-1
GSM1581117,-1
GSM1581118,-1
GSM1581119,-1
GSM1581120,-1
GSM1581121,-1
GSM1581122,-1
GSM1581123,-1
GSM1581124,-1
GSM1581125,-1
GSM1581126,-1
GSM1581128,-1
GSM1581129,-1
GSM1581130,-1
GSM1581131,-1
GSM1581132,-1
GSM1581133,-1
GSM1581134,-1
GSM1581135,-1
GSM1581136,-1
GSM1581137,-1
GSM1581138,-1
GSM1581139,-1
GSM1581140,-1
GSM1581141,-1
GSM1654531,-1
GSM1654533,-1
GSM1654535,-1
GSM1654537,-1
GSM1654540,-1
GSM1654542,-1
GSM1654544,-1
GSM1654546,-1
GSM1654548,-1
GSM1654550,-1
GSM1654552,-1
GSM1654554,-1
GSM1662559,-1
GSM1662561,-1
GSM1662565,-1
GSM1662566,-1
GSM1662568,-1
GSM1662570,-1
GSM1662572,-1
GSM1662573,-1
GSM1662574,-1
GSM1662575,-1
GSM1662576,-1
GSM1662577,-1
GSM1662578,-1
GSM1662579,-1
GSM1662580,-1
GSM1662581,-1
GSM1662582,-1
GSM1662583,-1
GSM1662585,-1
GSM1662586,-1
GSM1662587,-1
GSM1662588,-1
GSM1662589,-1
GSM1662590,-1
GSM1662592,-1
GSM1662593,-1
GSM1662595,-1
GSM1662596,-1
GSM1662599,-1
GSM1662600,-1
GSM1662601,-1
GSM1662602,-1
GSM1662603,-1
GSM1662604,-1
GSM1662607,-1
GSM1662608,-1
GSM1662610,-1
GSM1662611,-1
GSM1662612,-1
GSM1662614,-1
GSM1662616,-1
GSM1662617,-1
GSM1662622,-1
GSM1662623,-1
GSM1662624,-1
GSM1662625,-1
GSM1662626,-1
GSM1662638,-1
GSM1662645,-1
GSM1662653,-1
GSM1662655,-1
GSM1662656,-1
GSM1662657,-1
GSM1662658,-1
GSM1662659,-1
GSM1662663,-1
GSM1662664,-1
GSM1662666,-1
GSM1662667,-1
GSM1662668,-1
GSM1662669,-1
GSM1662670,-1
GSM1662671,-1
GSM1662672,-1
GSM1662673,-1
GSM1662674,-1
GSM1662675,-1
GSM1662702,-1
GSM1662703,-1
GSM1717151,-1
GSM1717152,-1
GSM1717153,-1
GSM1717154,-1
GSM1717155,-1
GSM1717156,-1
GSM1717157,-1
GSM1717158,-1
GSM1717159,-1
GSM1717160,-1
GSM1717161,-1
GSM1817108,-1
GSM1817111,-1
GSM1915090,-1
GSM1915091,-1
GSM1915092,-1
GSM1915093,-1
GSM1915094,-1
GSM1915095,-1
GSM1915096,-1
GSM1915097,-1
GSM1915098,-1
GSM1915100,-1
GSM1915101,-1
GSM1915102,-1
GSM1915103,-1
GSM1915104,-1
GSM2093170,-1
GSM2092905,-1
GSM2092906,-1
GSM2092907,-1
GSM2092908,-1
GSM2092909,-1
GSM2092910,-1
GSM2092911,-1
GSM2092912,-1
GSM2092914,-1
GSM2092915,-1
GSM2092916,-1
GSM2092917,-1
GSM2092919,-1
GSM2092921,-1
GSM2092922,-1
GSM2092924,-1
GSM2092925,-1
GSM2092926,-1
GSM2092929,-1
GSM2092930,-1
GSM2092931,-1
GSM2092932,-1
GSM2092933,-1
GSM2092935,-1
GSM2092936,-1
GSM2092937,-1
GSM2092938,-1
GSM2092939,-1
GSM2092944,-1
GSM2092945,-1
GSM2092946,-1
GSM2092947,-1
GSM2092948,-1
GSM2092949,-1
GSM2092950,-1
GSM2092951,-1
GSM2092952,-1
GSM2092954,-1
GSM2092957,-1
GSM2092958,-1
GSM2092960,-1
GSM2092961,-1
GSM2092962,-1
GSM2092963,-1
GSM2092965,-1
GSM2092968,-1
GSM2092969,-1
GSM2092970,-1
GSM2092972,-1
GSM2092973,-1
GSM2092975,-1
GSM2092976,-1
GSM2092978,-1
GSM2092979,-1
GSM2092980,-1
GSM2092981,-1
GSM2092982,-1
GSM2092983,-1
GSM2092984,-1
GSM2092985,-1
GSM2092986,-1
GSM2092988,-1
GSM2092989,-1
GSM2092990,-1
GSM2092991,-1
GSM2092992,-1
GSM2092993,-1
GSM2092994,-1
GSM2092995,-1
GSM2092996,-1
GSM2092997,-1
GSM2092999,-1
GSM2093002,-1
GSM2093003,-1
GSM2093004,-1
GSM2093005,-1
GSM2093006,-1
GSM2093007,-1
GSM2093008,-1
GSM2093009,-1
GSM2093011,-1
GSM2093012,-1
GSM2093013,-1
GSM2093014,-1
GSM2093015,-1
GSM2093020,-1
GSM2093021,-1
GSM2093022,-1
GSM2093023,-1
GSM2093024,-1
GSM2093025,-1
GSM2093026,-1
GSM2093028,-1
GSM2093029,-1
GSM2093031,-1
GSM2093032,-1
GSM2093035,-1
GSM2093038,-1
GSM2093042,-1
GSM2093043,-1
GSM2093046,-1
GSM2093047,-1
GSM2093049,-1
GSM2093050,-1
GSM2093053,-1
GSM2093054,-1
GSM2093057,-1
GSM2093058,-1
GSM2093059,-1
GSM2093060,-1
GSM2093063,-1
GSM2093065,-1
GSM2093067,-1
GSM2093068,-1
GSM2093069,-1
GSM2093071,-1
GSM2093073,-1
GSM2093075,-1
GSM2093076,-1
GSM2093077,-1
GSM2093079,-1
GSM2093081,-1
GSM2093087,-1
GSM2093088,-1
GSM2093089,-1
GSM2093092,-1
GSM2093093,-1
GSM2093094,-1
GSM2093095,-1
GSM2093096,-1
GSM2093097,-1
GSM2093100,-1
GSM2093101,-1
GSM2093102,-1
GSM2093103,-1
GSM2093104,-1
GSM2093105,-1
GSM2093106,-1
GSM2093110,-1
GSM2093113,-1
GSM2093116,-1
GSM2093118,-1
GSM2093119,-1
GSM2093120,-1
GSM2093121,-1
GSM2093122,-1
GSM2093123,-1
GSM2093124,-1
GSM2093125,-1
GSM2093126,-1
GSM2093127,-1
GSM2093128,-1
GSM2093129,-1
GSM2093130,-1
GSM2093132,-1
GSM2093133,-1
GSM2093134,-1
GSM2093135,-1
GSM2093136,-1
GSM2093137,-1
GSM2093138,-1
GSM2093139,-1
GSM2093140,-1
GSM2093141,-1
GSM2093142,-1
GSM2093143,-1
GSM2093144,-1
GSM2093145,-1
GSM2093146,-1
GSM2093147,-1
GSM2093149,-1
GSM2093150,-1
GSM2093151,-1
GSM2093152,-1
GSM2093153,-1
GSM2093154,-1
GSM2093155,-1
GSM2093156,-1
GSM2093158,-1
GSM2093159,-1
GSM2093161,-1
GSM2093162,-1
GSM2093163,-1
GSM2093164,-1
GSM2093165,-1
GSM2093166,-1
GSM2093167,-1
GSM2093168,-1
GSM2093171,-1
GSM2093172,-1
GSM2093176,-1
GSM2093177,-1
GSM2093178,-1
GSM2093179,-1
GSM2093181,-1
GSM2093182,-1
GSM2093184,-1
GSM2093187,-1
GSM2093188,-1
GSM2093189,-1
GSM2093190,-1
GSM2093194,-1
GSM2093195,-1
GSM2093198,-1
GSM2093199,-1
GSM2093200,-1
GSM2093201,-1
GSM2093202,-1
GSM2093204,-1
GSM2093205,-1
GSM2093206,-1
GSM2093210,-1
GSM2093211,-1
GSM2093212,-1
GSM2093213,-1
GSM2093214,-1
GSM2093215,-1
GSM2093219,-1
GSM2093220,-1
GSM2093221,-1
GSM2093223,-1
GSM2093224,-1
GSM2093225,-1
GSM2093226,-1
GSM2093227,-1
GSM2093228,-1
GSM2093229,-1
GSM2093230,-1
GSM2093231,-1
GSM2093232,-1
GSM2093234,-1
GSM2093236,-1
GSM2093237,-1
GSM2093240,-1
GSM2093242,-1
GSM2093244,-1
GSM2093245,-1
GSM2093247,-1
GSM2093248,-1
GSM2093250,-1
GSM2093252,-1
GSM2093254,-1
GSM2093256,-1
GSM2093257,-1
GSM2093258,-1
GSM2109363,-1
GSM2109364,-1
GSM2109365,-1
GSM2109366,-1
GSM2109367,-1
GSM2109368,-1
GSM2109369,-1
GSM2109370,-1
GSM2109371,-1
GSM2109372,-1
GSM2109373,-1
GSM2109374,-1
GSM2109375,-1
GSM2109376,-1
GSM2109377,-1
GSM2109378,-1
GSM2109379,-1
GSM2109380,-1
GSM2109381,-1
GSM2109382,-1
GSM2109383,-1
GSM2109384,-1
GSM2109385,-1
GSM2109386,-1
GSM2109387,-1
GSM2109388,-1
GSM2109389,-1
GSM2109390,-1
GSM2109391,-1
GSM2109392,-1
GSM2109393,-1
GSM2109394,-1
GSM2109395,-1
GSM2109396,-1
GSM2109397,-1
GSM2109398,-1
GSM2109399,-1
GSM2109401,-1
GSM2109402,-1
GSM2109403,-1
GSM2109404,-1
GSM2109405,-1
GSM2109406,-1
GSM2109407,-1
GSM2109408,-1
GSM2109410,-1
GSM2109411,-1
GSM2109412,-1
GSM2109413,-1
GSM2109415,-1
GSM2109416,-1
GSM2109419,-1
GSM2109420,-1
GSM2109421,-1
GSM2109422,-1
GSM2109423,-1
GSM2109424,-1
GSM2109425,-1
GSM2109426,-1
GSM2109427,-1
GSM2109428,-1
GSM2109429,-1
GSM2109430,-1
GSM2109431,-1
GSM2109432,-1
GSM2109433,-1
GSM2109434,-1
GSM2109435,-1
GSM2109436,-1
GSM2109437,-1
GSM2109438,-1
GSM2109439,-1
GSM2109440,-1
GSM2109441,-1
GSM2109442,-1
GSM2109443,-1
GSM2109444,-1
GSM2109445,-1
GSM2109446,-1
GSM2109447,-1
GSM2109448,-1
GSM2109450,-1
GSM2109451,-1
GSM2109452,-1
GSM2109453,-1
GSM2109454,-1
GSM2109455,-1
GSM2109457,-1
GSM2109458,-1
GSM2109459,-1
GSM2109460,-1
GSM2109461,-1
GSM2109462,-1
GSM2109463,-1
GSM2147653,-1
GSM2147654,-1
GSM2147655,-1
GSM2147656,-1
GSM2147657,-1
GSM2147658,-1
GSM2147659,-1
GSM2147660,-1
GSM2147661,-1
GSM2147662,-1
GSM2147663,-1
GSM2147664,-1
GSM2147665,-1
GSM2147666,-1
GSM2147667,-1
GSM2147668,-1
GSM2147669,-1
GSM2147670,-1
GSM2147671,-1
GSM2147672,-1
GSM2147673,-1
GSM2147675,-1
GSM2147676,-1
GSM2147677,-1
GSM2147678,-1
GSM2147679,-1
GSM2147680,-1
GSM2147681,-1
GSM2147682,-1
GSM2147683,-1
GSM2147684,-1
GSM2147685,-1
GSM2147686,-1
GSM2147687,-1
GSM2147688,-1
GSM2147689,-1
GSM2147690,-1
GSM2147691,-1
GSM2147692,-1
GSM2147693,-1
GSM2147694,-1
GSM2147695,-1
GSM2147696,-1
GSM2147697,-1
GSM2147698,-1
GSM2147699,-1
GSM2147700,-1
GSM2147701,-1
GSM2147702,-1
GSM2147703,-1
GSM2147704,-1
GSM2147705,-1
GSM2147706,-1
GSM2147707,-1
GSM2147708,-1
GSM2147709,-1
GSM2147710,-1
GSM2147711,-1
GSM2147712,-1
GSM2147713,-1
GSM2226808,-1
GSM2226813,-1
GSM2226815,-1
GSM2226817,-1
GSM2226818,-1
GSM2226819,-1
GSM2226820,-1
GSM2226821,-1
GSM2226822,-1
GSM2226823,-1
GSM2226825,-1
GSM2226826,-1
GSM2226827,-1
GSM2226828,-1
GSM2226829,-1
GSM2226830,-1
GSM2226831,-1
GSM2226832,-1
GSM2226833,-1
GSM2226834,-1
GSM2226835,-1
GSM2226836,-1
GSM2226837,-1
GSM2226839,-1
GSM2299836,-1
GSM2299837,-1
GSM2299841,-1
GSM2299842,-1
GSM2299843,-1
GSM2299845,-1
GSM2299846,-1
GSM2299847,-1
GSM2299848,-1
GSM2299849,-1
GSM2299850,-1
GSM2299851,-1
GSM2299852,-1
GSM2299853,-1
GSM2299854,-1
GSM2299855,-1
GSM2299856,-1
GSM2299857,-1
GSM2299863,-1
GSM2299866,-1
GSM2299868,-1
GSM2299869,-1
GSM2299872,-1
GSM2299874,-1
GSM2299875,-1
GSM2299876,-1
GSM2299877,-1
GSM2302911,-1
GSM2302912,-1
GSM2302913,-1
GSM2302914,-1
GSM2302915,-1
GSM2302916,-1
GSM2302917,-1
GSM2302918,-1
GSM2302922,-1
GSM2302923,-1
GSM2302924,-1
GSM2302925,-1
GSM2369703,-1
GSM2369704,-1
GSM2369705,-1
GSM2369707,-1
GSM2369708,-1
GSM2369709,-1
GSM2369711,-1
GSM2369713,-1
GSM2369714,-1
GSM2369715,-1
GSM2369716,-1
GSM2369717,-1
GSM2369718,-1
GSM2369721,-1
GSM2369723,-1
GSM2369724,-1
GSM2369726,-1
GSM2369731,-1
GSM2369732,-1
GSM2369740,-1
GSM2369741,-1
GSM2369742,-1
GSM2369744,-1
GSM2369745,-1
GSM2369746,-1
GSM2369747,-1
GSM2369748,-1
GSM2369751,-1
GSM2369755,-1
GSM2369756,-1
GSM2369757,-1
GSM2369758,-1
GSM2369759,-1
GSM2369762,-1
GSM2369763,-1
GSM2369764,-1
GSM2369767,-1
GSM2369768,-1
GSM2369771,-1
GSM2369772,-1
GSM2369773,-1
GSM2369774,-1
GSM2369775,-1
GSM2369776,-1
GSM2369778,-1
GSM2369779,-1
GSM2369780,-1
GSM2369781,-1
GSM2369784,-1
GSM2369786,-1
GSM2369787,-1
GSM2369788,-1
GSM2369800,-1
GSM2369802,-1
GSM2369804,-1
GSM2369807,-1
GSM2369809,-1
GSM2369810,-1
GSM2369811,-1
GSM2369814,-1
GSM2369815,-1
GSM2369816,-1
GSM2369817,-1
GSM2369818,-1
GSM2369819,-1
GSM2369820,-1
GSM2369824,-1
GSM2369826,-1
GSM2369827,-1
GSM2369829,-1
GSM2369830,-1
GSM2369833,-1
GSM2369839,-1
GSM2369841,-1
GSM2369843,-1
GSM2369844,-1
GSM2369846,-1
GSM2369847,-1
GSM2369848,-1
GSM2369849,-1
GSM2369850,-1
GSM2369851,-1
GSM2369854,-1
GSM2369855,-1
GSM2369856,-1
GSM2369857,-1
GSM2369859,-1
GSM2369860,-1
GSM2369861,-1
GSM2369862,-1
GSM2369866,-1
GSM2369869,-1
GSM2369870,-1
GSM2369871,-1
GSM2369872,-1
GSM2369873,-1
GSM2369874,-1
GSM2369875,-1
GSM2369876,-1
GSM2369877,-1
GSM2369878,-1
GSM2369879,-1
GSM2369880,-1
GSM2369881,-1
GSM2369887,-1
GSM2369888,-1
GSM2369894,-1
GSM2369895,-1
GSM2369896,-1
GSM2369897,-1
GSM2369898,-1
GSM2369907,-1
GSM2369908,-1
GSM2369910,-1
GSM2369911,-1
GSM2369912,-1
GSM2369914,-1
GSM2369915,-1
GSM2369916,-1
GSM2369917,-1
GSM2369919,-1
GSM2369920,-1
GSM2369921,-1
GSM2369922,-1
GSM2369923,-1
GSM2369927,-1
GSM2369929,-1
GSM2369930,-1
GSM2369932,-1
GSM2369933,-1
GSM2369934,-1
GSM2369935,-1
GSM2369936,-1
GSM2369937,-1
GSM2369938,-1
GSM2369941,-1
GSM2369942,-1
GSM2369943,-1
GSM2369945,-1
GSM2369946,-1
GSM2369949,-1
GSM2369951,-1
GSM2369952,-1
GSM2369955,-1
GSM2369956,-1
GSM2369957,-1
GSM2369959,-1
GSM2369960,-1
GSM2369961,-1
GSM2369962,-1
GSM2369963,-1
GSM2369964,-1
GSM2369966,-1
GSM2369967,-1
GSM2369968,-1
GSM2369969,-1
GSM2369971,-1
GSM2369972,-1
GSM2369974,-1
GSM2369975,-1
GSM2369977,-1
GSM2369978,-1
GSM2369979,-1
GSM2369980,-1
GSM2369982,-1
GSM2369983,-1
GSM2369984,-1
GSM2369985,-1
GSM2369986,-1
GSM2369987,-1
GSM2369988,-1
GSM2369991,-1
GSM2369992,-1
GSM2369997,-1
GSM2370001,-1
GSM2370002,-1
GSM2370004,-1
GSM2370005,-1
GSM2370006,-1
GSM2370007,-1
GSM2370008,-1
GSM2370009,-1
GSM2370010,-1
GSM2370012,-1
GSM2370013,-1
GSM2370014,-1
GSM2370015,-1
GSM2370016,-1
GSM2370019,-1
GSM2370026,-1
GSM2370029,-1
GSM2370031,-1
GSM2370032,-1
GSM2370034,-1
GSM2370035,-1
GSM2370037,-1
GSM2370038,-1
GSM2370040,-1
GSM2370042,-1
GSM2370043,-1
GSM2370044,-1
GSM2370045,-1
GSM2370046,-1
GSM2370047,-1
GSM2370051,-1
GSM2370052,-1
GSM2370053,-1
GSM2370054,-1
GSM2370055,-1
GSM2370056,-1
GSM2370064,-1
GSM2370066,-1
GSM2370068,-1
GSM2370069,-1
GSM2370071,-1
GSM2370072,-1
GSM2370077,-1
GSM2370078,-1
GSM2370079,-1
GSM2370081,-1
GSM2370082,-1
GSM2370083,-1
GSM2370084,-1
GSM2370085,-1
GSM2370086,-1
GSM2370089,-1
GSM2370090,-1
GSM2370091,-1
GSM2370101,-1
GSM2370103,-1
GSM2370104,-1
GSM2370105,-1
GSM2370106,-1
GSM2370107,-1
GSM2370108,-1
GSM2370109,-1
GSM2370110,-1
GSM2370113,-1
GSM2370114,-1
GSM2370115,-1
GSM2370116,-1
GSM2370133,-1
GSM2370134,-1
GSM2370135,-1
GSM2370139,-1
GSM2370140,-1
GSM2370141,-1
GSM2370142,-1
GSM2370144,-1
GSM2370145,-1
GSM2370146,-1
GSM2370147,-1
GSM2370148,-1
GSM2370149,-1
GSM2370151,-1
GSM2370152,-1
GSM2370153,-1
GSM2370154,-1
GSM2370155,-1
GSM2370157,-1
GSM2370158,-1
GSM2370159,-1
GSM2370160,-1
GSM2370161,-1
GSM2370163,-1
GSM2370164,-1
GSM2370181,-1
GSM2370182,-1
GSM2370183,-1
GSM2370184,-1
GSM2370188,-1
GSM2370189,-1
GSM2370191,-1
GSM2370192,-1
GSM2370194,-1
GSM2370201,-1
GSM2370202,-1
GSM2370203,-1
GSM2370204,-1
GSM2370205,-1
GSM2370206,-1
GSM2370207,-1
GSM2370208,-1
GSM2370210,-1
GSM2370211,-1
GSM2370212,-1
GSM2370213,-1
GSM2370215,-1
GSM2370217,-1
GSM2370218,-1
GSM2370219,-1
GSM2370221,-1
GSM2370222,-1
GSM2370223,-1
GSM2370225,-1
GSM2370226,-1
GSM2370227,-1
GSM2370231,-1
GSM2370232,-1
GSM2370233,-1
GSM2370234,-1
GSM2370235,-1
GSM2370236,-1
GSM2370237,-1
GSM2370238,-1
GSM2370243,-1
GSM2370244,-1
GSM2370245,-1
GSM2370246,-1
GSM2370247,-1
GSM2370248,-1
GSM2370249,-1
GSM2370252,-1
GSM2370255,-1
GSM2370256,-1
GSM2370257,-1
GSM2370258,-1
GSM2370259,-1
GSM2370261,-1
GSM2370262,-1
GSM2370263,-1
GSM2370264,-1
GSM2370266,-1
GSM2370267,-1
GSM2370269,-1
GSM2370270,-1
GSM2370275,-1
GSM2370276,-1
GSM2370277,-1
GSM2370278,-1
GSM2370279,-1
GSM2370280,-1
GSM2370281,-1
GSM2370282,-1
GSM2370283,-1
GSM2370284,-1
GSM2370285,-1
GSM2370286,-1
GSM2370287,-1
GSM2370288,-1
GSM2370290,-1
GSM2370292,-1
GSM2370293,-1
GSM2370294,-1
GSM2370295,-1
GSM2370296,-1
GSM2370298,-1
GSM2370300,-1
GSM2370301,-1
GSM2370302,-1
GSM2370318,-1
GSM2370319,-1
GSM2370322,-1
GSM2370323,-1
GSM2370324,-1
GSM2370325,-1
GSM2370326,-1
GSM2370329,-1
GSM2370330,-1
GSM2370333,-1
GSM2370334,-1
GSM2370336,-1
GSM2370339,-1
GSM2370340,-1
GSM2370342,-1
GSM2370348,-1
GSM2370349,-1
GSM2370350,-1
GSM2370351,-1
GSM2370353,-1
GSM2370354,-1
GSM2370356,-1
GSM2370357,-1
GSM2370358,-1
GSM2370359,-1
GSM2370360,-1
GSM2370361,-1
GSM2370363,-1
GSM2370364,-1
GSM2370365,-1
GSM2370366,-1
GSM2370373,-1
GSM2370374,-1
GSM2370378,-1
GSM2370381,-1
GSM2370382,-1
GSM2370385,-1
GSM2370386,-1
GSM2370391,-1
GSM2370392,-1
GSM2370394,-1
GSM2370396,-1
GSM2370401,-1
GSM2370402,-1
GSM2370403,-1
GSM2370404,-1
GSM2370405,-1
GSM2370406,-1
GSM2370410,-1
GSM2370412,-1
GSM2370413,-1
GSM2370414,-1
GSM2370417,-1
GSM2370418,-1
GSM2370420,-1
GSM2370423,-1
GSM2370424,-1
GSM2370425,-1
GSM2370426,-1
GSM2370427,-1
GSM2370428,-1
GSM2370429,-1
GSM2370430,-1
GSM2370431,-1
GSM2370432,-1
GSM2370433,-1
GSM2370434,-1
GSM2370435,-1
GSM2370436,-1
GSM2370437,-1
GSM2370438,-1
GSM2370444,-1
GSM2370445,-1
GSM2370446,-1
GSM2370447,-1
GSM2370449,-1
GSM2370451,-1
GSM2370453,-1
GSM2370454,-1
GSM2370455,-1
GSM2370456,-1
GSM2370459,-1
GSM2370460,-1
GSM2370462,-1
GSM2370464,-1
GSM2370465,-1
GSM2370466,-1
GSM2370467,-1
GSM2370469,-1
GSM2370470,-1
GSM2370473,-1
GSM2370474,-1
GSM2370483,-1
GSM2370484,-1
GSM2370487,-1
GSM2370489,-1
GSM2370490,-1
GSM2370491,-1
GSM2370492,-1
GSM2370493,-1
GSM2370494,-1
GSM2370499,-1
GSM2370504,-1
GSM2370505,-1
GSM2370506,-1
GSM2370509,-1
GSM2370510,-1
GSM2370515,-1
GSM2370516,-1
GSM2370517,-1
GSM2370518,-1
GSM2370519,-1
GSM2370523,-1
GSM2370525,-1
GSM2370526,-1
GSM2370529,-1
GSM2370530,-1
GSM2370531,-1
GSM2370532,-1
GSM2370535,-1
GSM2370536,-1
GSM2370537,-1
GSM2370538,-1
GSM2370539,-1
GSM2370543,-1
GSM2370545,-1
GSM2370546,-1
GSM2370547,-1
GSM2370548,-1
GSM2370549,-1
GSM2370550,-1
GSM2370551,-1
GSM2370552,-1
GSM2370557,-1
GSM2370558,-1
GSM2370561,-1
GSM2370566,-1
GSM2370567,-1
GSM2370568,-1
GSM2370571,-1
GSM2370572,-1
GSM2370573,-1
GSM2370574,-1
GSM2370577,-1
GSM2370578,-1
GSM2370579,-1
GSM2370580,-1
GSM2370582,-1
GSM2370583,-1
GSM2370584,-1
GSM2370585,-1
GSM2370594,-1
GSM2370597,-1
GSM2370598,-1
GSM2370599,-1
GSM2370600,-1
GSM2370602,-1
GSM2370603,-1
GSM2370604,-1
GSM2370605,-1
GSM2370606,-1
GSM2370607,-1
GSM2370608,-1
GSM2370609,-1
GSM2370610,-1
GSM2370611,-1
GSM2370615,-1
GSM2372266,-1
GSM2372267,-1
GSM2372268,-1
GSM2372269,-1
GSM2372270,-1
GSM2372271,-1
GSM2372272,-1
GSM2372273,-1
GSM2372274,-1
GSM2372275,-1
GSM2372276,-1
GSM2372277,-1
GSM2372278,-1
GSM2372279,-1
GSM2372280,-1
GSM2372281,-1
GSM2372287,-1
GSM2411763,-1
GSM2411764,-1
GSM2411765,-1
GSM2411766,-1
GSM2411767,-1
GSM2411768,-1
GSM2411769,-1
GSM2411770,-1
GSM2411771,-1
GSM2411772,-1
GSM2411773,-1
GSM2411774,-1
GSM2411775,-1
GSM2411776,-1
GSM2411777,-1
GSM2411778,-1
GSM2411779,-1
GSM2411780,-1
GSM2411781,-1
GSM2411782,-1
GSM2411783,-1
GSM2411784,-1
GSM2411785,-1
GSM2411786,-1
GSM2411787,-1
GSM2411789,-1
GSM2411790,-1
GSM2411791,-1
GSM2411792,-1
GSM2411793,-1
GSM2411794,-1
GSM2411795,-1
GSM2411796,-1
GSM2411797,-1
GSM2411798,-1
GSM2411799,-1
GSM2411800,-1
GSM2411801,-1
GSM2411803,-1
GSM2411804,-1
GSM2411805,-1
GSM2411806,-1
GSM2411807,-1
GSM2411808,-1
GSM2411809,-1
GSM2411810,-1
GSM2411811,-1
GSM2411812,-1
GSM2411813,-1
GSM2411814,-1
GSM2411815,-1
GSM2411816,-1
GSM2411817,-1
GSM2411818,-1
GSM2411819,-1
GSM2411820,-1
GSM2411821,-1
GSM2411822,-1
GSM2411823,-1
GSM2411824,-1
GSM2411825,-1
GSM2411826,-1
GSM2411827,-1
GSM2411828,-1
GSM2411829,-1
GSM2411830,-1
GSM2411834,-1
GSM2433720,-1
GSM2433721,-1
GSM2433722,-1
GSM2433723,-1
GSM2433724,-1
GSM2433725,-1
GSM2433726,-1
GSM2433727,-1
GSM2433728,-1
GSM2433729,-1
GSM2433730,-1
GSM2433731,-1
GSM2433732,-1
GSM2433733,-1
GSM2433734,-1
GSM2433735,-1
GSM2433736,-1
GSM2433737,-1
GSM2433738,-1
GSM2433739,-1
GSM2433740,-1
GSM2433741,-1
GSM2433742,-1
GSM2433743,-1
GSM2433744,-1
GSM2433745,-1
GSM2433746,-1
GSM2433747,-1
GSM2433748,-1
GSM2433749,-1
GSM2433750,-1
GSM2433751,-1
GSM2433753,-1
GSM2433754,-1
GSM2433755,-1
GSM2433756,-1
GSM2433757,-1
GSM2433758,-1
GSM2433759,-1
GSM2433760,-1
GSM2433761,-1
GSM2433762,-1
GSM2433763,-1
GSM2433764,-1
GSM2433765,-1
GSM2433766,-1
GSM2433767,-1
GSM2433768,-1
GSM2449130,-1
GSM2475317,-1
GSM2475320,-1
GSM2475322,-1
GSM2475323,-1
GSM2475324,-1
GSM2475325,-1
GSM2475326,-1
GSM2475327,-1
GSM2475329,-1
GSM2475331,-1
GSM2475332,-1
GSM2475333,-1
GSM2475337,-1
GSM2475338,-1
GSM2475339,-1
GSM2475340,-1
GSM2475342,-1
GSM2475343,-1
GSM2475344,-1
GSM2475346,-1
GSM2475348,-1
GSM2475349,-1
GSM2475350,-1
GSM2475351,-1
GSM2475353,-1
GSM2475354,-1
GSM2475355,-1
GSM2475356,-1
GSM2475357,-1
GSM2475360,-1
GSM2475361,-1
GSM2475362,-1
GSM2475363,-1
GSM2475364,-1
GSM2475365,-1
GSM2475367,-1
GSM2475368,-1
GSM2475369,-1
GSM2475370,-1
GSM2475372,-1
GSM2475373,-1
GSM2475374,-1
GSM2475375,-1
GSM2475376,-1
GSM2475377,-1
GSM2475378,-1
GSM2475379,-1
GSM2475380,-1
GSM2475381,-1
GSM2475382,-1
GSM2475385,-1
GSM2475386,-1
GSM2475387,-1
GSM2475388,-1
GSM2475389,-1
GSM2475390,-1
GSM2475392,-1
GSM2475393,-1
GSM2475398,-1
GSM2475399,-1
GSM2475400,-1
GSM2475401,-1
GSM2475403,-1
GSM2475405,-1
GSM2475407,-1
GSM2475408,-1
GSM2475409,-1
GSM2475410,-1
GSM2475412,-1
GSM2475413,-1
GSM2475415,-1
GSM2475416,-1
GSM2475417,-1
GSM2475418,-1
GSM2475421,-1
GSM2475422,-1
GSM2475423,-1
GSM2475424,-1
GSM2475426,-1
GSM2475429,-1
GSM2475430,-1
GSM2475431,-1
GSM2475432,-1
GSM2475433,-1
GSM2475434,-1
GSM2475435,-1
GSM2475436,-1
GSM2475437,-1
GSM2475438,-1
GSM2475439,-1
GSM2475440,-1
GSM2475441,-1
GSM2475442,-1
GSM2475443,-1
GSM2475444,-1
GSM2475445,-1
GSM2475446,-1
GSM2475448,-1
GSM2475449,-1
GSM2475450,-1
GSM2475451,-1
GSM2475452,-1
GSM2475453,-1
GSM2475454,-1
GSM2475455,-1
GSM2475458,-1
GSM2475460,-1
GSM2475461,-1
GSM2475462,-1
GSM2475463,-1
GSM2475464,-1
GSM2475465,-1
GSM2475466,-1
GSM2475467,-1
GSM2475468,-1
GSM2475469,-1
GSM2475470,-1
GSM2475471,-1
GSM2475472,-1
GSM2475473,-1
GSM2475474,-1
GSM2475475,-1
GSM2475476,-1
GSM2475477,-1
GSM2475479,-1
GSM2475481,-1
GSM2475482,-1
GSM2475483,-1
GSM2475485,-1
GSM2475487,-1
GSM2475488,-1
GSM2475489,-1
GSM2475490,-1
GSM2475491,-1
GSM2475493,-1
GSM2475495,-1
GSM2475496,-1
GSM2475497,-1
GSM2475498,-1
GSM2475499,-1
GSM2475500,-1
GSM2475501,-1
GSM2475502,-1
GSM2475504,-1
GSM2475505,-1
GSM2475506,-1
GSM2475510,-1
GSM2475512,-1
GSM2475513,-1
GSM2475514,-1
GSM2475515,-1
GSM2475516,-1
GSM2475519,-1
GSM2475520,-1
GSM2475521,-1
GSM2475522,-1
GSM2475523,-1
GSM2475525,-1
GSM2475526,-1
GSM2475528,-1
GSM2475529,-1
GSM2475530,-1
GSM2475531,-1
GSM2475532,-1
GSM2475533,-1
GSM2475534,-1
GSM2475535,-1
GSM2475539,-1
GSM2475540,-1
GSM2475541,-1
GSM2475542,-1
GSM2475543,-1
GSM2475548,-1
GSM2475551,-1
GSM2475552,-1
GSM2475553,-1
GSM2475554,-1
GSM2475557,-1
GSM2475558,-1
GSM2475561,-1
GSM2475562,-1
GSM2475563,-1
GSM2475564,-1
GSM2475565,-1
GSM2475566,-1
GSM2475567,-1
GSM2475568,-1
GSM2475569,-1
GSM2475570,-1
GSM2475571,-1
GSM2475572,-1
GSM2475573,-1
GSM2475576,-1
GSM2475577,-1
GSM2475579,-1
GSM2475580,-1
GSM2475581,-1
GSM2475582,-1
GSM2475583,-1
GSM2475584,-1
GSM2475585,-1
GSM2475586,-1
GSM2475588,-1
GSM2475590,-1
GSM2475592,-1
GSM2475593,-1
GSM2475595,-1
GSM2475596,-1
GSM2475598,-1
GSM2475599,-1
GSM2475602,-1
GSM2475603,-1
GSM2475605,-1
GSM2475607,-1
GSM2475609,-1
GSM2475611,-1
GSM2475612,-1
GSM2475613,-1
GSM2475614,-1
GSM2475615,-1
GSM2475616,-1
GSM2475617,-1
GSM2475619,-1
GSM2475622,-1
GSM2475623,-1
GSM2475624,-1
GSM2475625,-1
GSM2475626,-1
GSM2475627,-1
GSM2475630,-1
GSM2475632,-1
GSM2475634,-1
GSM2475636,-1
GSM2475638,-1
GSM2475640,-1
GSM2475641,-1
GSM2475643,-1
GSM2475644,-1
GSM2475646,-1
GSM2475647,-1
GSM2475648,-1
GSM2475649,-1
GSM2475650,-1
GSM2475652,-1
GSM2475653,-1
GSM2475654,-1
GSM2475655,-1
GSM2475656,-1
GSM2475659,-1
GSM2475660,-1
GSM2475661,-1
GSM2475662,-1
GSM2475663,-1
GSM2475666,-1
GSM2475668,-1
GSM2475669,-1
GSM2475670,-1
GSM2475672,-1
GSM2475673,-1
GSM2475674,-1
GSM2475675,-1
GSM2475677,-1
GSM2475678,-1
GSM2475679,-1
GSM2475680,-1
GSM2475682,-1
GSM2475683,-1
GSM2475684,-1
GSM2475685,-1
GSM2475686,-1
GSM2475687,-1
GSM2475688,-1
GSM2475689,-1
GSM2475692,-1
GSM2475694,-1
GSM2475695,-1
GSM2475696,-1
GSM2475697,-1
GSM2475699,-1
GSM2475700,-1
GSM2475701,-1
GSM2475703,-1
GSM2475704,-1
GSM2475705,-1
GSM2475707,-1
GSM2475708,-1
GSM2475709,-1
GSM2475711,-1
GSM2475714,-1
GSM2475715,-1
GSM2475716,-1
GSM2475718,-1
GSM2475719,-1
GSM2475720,-1
GSM2475721,-1
GSM2475723,-1
GSM2475725,-1
GSM2475726,-1
GSM2475728,-1
GSM2475729,-1
GSM2475732,-1
GSM2475733,-1
GSM2475734,-1
GSM2475735,-1
GSM2475736,-1
GSM2475737,-1
GSM2475738,-1
GSM2475739,-1
GSM2475740,-1
GSM2475741,-1
GSM2475742,-1
GSM2475743,-1
GSM2475744,-1
GSM2475745,-1
GSM2475746,-1
GSM2475747,-1
GSM2475748,-1
GSM2475750,-1
GSM2479759,-1
GSM2479762,-1
GSM2479763,-1
GSM2479764,-1
GSM2479765,-1
GSM2479766,-1
GSM2479767,-1
GSM2479768,-1
GSM2479769,-1
GSM2479770,-1
GSM2479771,-1
GSM2479772,-1
GSM2479773,-1
GSM2479774,-1
GSM2479775,-1
GSM2479777,-1
GSM2479782,-1
GSM2479784,-1
GSM2479785,-1
GSM2479790,-1
GSM2479791,-1
GSM2479792,-1
GSM2479793,-1
GSM2479798,-1
GSM2479799,-1
GSM2479800,-1
GSM2479801,-1
GSM2479806,-1
GSM2479807,-1
GSM2479808,-1
GSM2479809,-1
GSM2486600,-1
GSM2486601,-1
GSM2486602,-1
GSM2486603,-1
GSM2486604,-1
GSM2486606,-1
GSM2486607,-1
GSM2486608,-1
GSM2486609,-1
GSM2486610,-1
GSM2486611,-1
GSM2486612,-1
GSM2486613,-1
GSM2486614,-1
GSM2486615,-1
GSM2486616,-1
GSM2486618,-1
GSM2486621,-1
GSM2486622,-1
GSM2486623,-1
GSM2486624,-1
GSM2486625,-1
GSM2486627,-1
GSM2486628,-1
GSM2486629,-1
GSM2486630,-1
GSM2535161,-1
GSM2535167,-1
GSM2535169,-1
GSM2535171,-1
GSM2535173,-1
GSM2535183,-1
GSM2535186,-1
GSM2535190,-1
GSM2535192,-1
GSM2535195,-1
GSM2535207,-1
GSM2535210,-1
GSM2535212,-1
GSM2552875,-1
GSM2552876,-1
GSM2552877,-1
GSM2552878,-1
GSM2552879,-1
GSM2552880,-1
GSM2552881,-1
GSM2552882,-1
GSM2552883,-1
GSM2552884,-1
GSM2552885,-1
GSM2552886,-1
GSM2552887,-1
GSM2552888,-1
GSM2552889,-1
GSM2552890,-1
GSM2552891,-1
GSM2552892,-1
GSM2552893,-1
GSM2552894,-1
GSM2552895,-1
GSM2552896,-1
GSM2552897,-1
GSM2552899,-1
GSM2552900,-1
GSM2552901,-1
GSM2552902,-1
GSM2552903,-1
GSM2552904,-1
GSM2552905,-1
GSM2552907,-1
GSM2552908,-1
GSM2552909,-1
GSM2552910,-1
GSM2552911,-1
GSM2552912,-1
GSM2552913,-1
GSM2552914,-1
GSM2770739,-1
GSM2770740,-1
GSM2770741,-1
GSM2770742,-1
GSM2770743,-1
GSM2770744,-1
GSM2770745,-1
GSM2770746,-1
GSM2770747,-1
GSM2770748,-1
GSM2770749,-1
GSM2770721,-1
GSM2770722,-1
GSM2770723,-1
GSM2770724,-1
GSM2770725,-1
GSM2770726,-1
GSM2770727,-1
GSM2770728,-1
GSM2770729,-1
GSM2770730,-1
GSM2770731,-1
GSM2770732,-1
GSM2770733,-1
GSM2770734,-1
GSM2770735,-1
GSM2770736,-1
GSM2770737,-1
GSM2770738,-1
GSM2806987,-1
GSM2806991,-1
GSM2806992,-1
GSM2807028,-1
GSM2807032,-1
GSM2807036,-1
GSM2807038,-1
GSM2807049,-1
GSM2807072,-1
GSM2807080,-1
GSM2807084,-1
GSM2807086,-1
GSM2807091,-1
GSM2886035,-1
GSM2886036,-1
GSM2886037,-1
GSM2886038,-1
GSM2886039,-1
GSM2886043,-1
GSM2886044,-1
GSM2886048,-1
GSM2886049,-1
GSM2886050,-1
GSM2886051,-1
GSM2886052,-1
GSM2886053,-1
GSM2886054,-1
GSM2886056,-1
GSM2886057,-1
GSM2886058,-1
GSM2886059,-1
GSM2886060,-1
GSM2886061,-1
GSM2886062,-1
GSM2886063,-1
GSM2886064,-1
GSM2886068,-1
GSM2886069,-1
GSM2886071,-1
GSM2886072,-1
GSM2886075,-1
GSM2886077,-1
GSM2886079,-1
GSM2886080,-1
GSM2886081,-1
GSM2886082,-1
GSM2886084,-1
GSM2886088,-1
GSM2886091,-1
GSM2886093,-1
GSM2886094,-1
GSM2886095,-1
GSM2886096,-1
GSM2886097,-1
GSM2886099,-1
GSM2886100,-1
GSM2886101,-1
GSM2886104,-1
GSM2886105,-1
GSM2886106,-1
GSM2886107,-1
GSM2886111,-1
GSM2886112,-1
GSM2886113,-1
GSM2886114,-1
GSM2886115,-1
GSM2886116,-1
GSM2886117,-1
GSM2886118,-1
GSM2886119,-1
GSM2886121,-1
GSM2886122,-1
GSM2886124,-1
GSM2886125,-1
GSM2886126,-1
GSM2886127,-1
GSM2886128,-1
GSM2886129,-1
GSM2886130,-1
GSM2886131,-1
GSM2886132,-1
GSM2886133,-1
GSM2886135,-1
GSM2886275,-1
GSM2886276,-1
GSM2886278,-1
GSM2886284,-1
GSM2886285,-1
GSM2886286,-1
GSM2886287,-1
GSM2886288,-1
GSM2886289,-1
GSM2886290,-1
GSM2886291,-1
GSM2886293,-1
GSM2886294,-1
GSM2886295,-1
GSM2886296,-1
GSM2886297,-1
GSM2886304,-1
GSM2886305,-1
GSM2886308,-1
GSM2886309,-1
GSM2886310,-1
GSM2886311,-1
GSM2886314,-1
GSM2886316,-1
GSM2886318,-1
GSM2886319,-1
GSM2886320,-1
GSM2886321,-1
GSM2886322,-1
GSM2886324,-1
GSM2886326,-1
GSM2886330,-1
GSM2886333,-1
GSM2886335,-1
GSM2886336,-1
GSM2886338,-1
GSM2886339,-1
GSM2886341,-1
GSM2886342,-1
GSM2886343,-1
GSM2886345,-1
GSM2886350,-1
GSM2886352,-1
GSM2886354,-1
GSM2886355,-1
GSM2886357,-1
GSM2886359,-1
GSM2886360,-1
GSM2886363,-1
GSM2886366,-1
GSM2886369,-1
GSM2886371,-1
GSM2886372,-1
GSM2886373,-1
GSM2886374,-1
GSM2886376,-1
GSM2886377,-1
GSM2886378,-1
GSM2886380,-1
GSM2886384,-1
GSM2886385,-1
GSM2886386,-1
GSM2886388,-1
GSM2886389,-1
GSM2886393,-1
GSM2886394,-1
GSM2886395,-1
GSM2886397,-1
GSM2886398,-1
GSM2886399,-1
GSM2886400,-1
GSM2886401,-1
GSM2886402,-1
GSM2886403,-1
GSM2886405,-1
GSM2886406,-1
GSM2886408,-1
GSM2886409,-1
GSM2886410,-1
GSM2886412,-1
GSM2886413,-1
GSM2886414,-1
GSM2886415,-1
GSM2886416,-1
GSM2886417,-1
GSM2886418,-1
GSM2886420,-1
GSM2886421,-1
GSM2886426,-1
GSM2886427,-1
GSM2886428,-1
GSM2886429,-1
GSM2886430,-1
GSM2886431,-1
GSM2886435,-1
GSM2886436,-1
GSM2886438,-1
GSM2886440,-1
GSM2886441,-1
GSM2886442,-1
GSM2886443,-1
GSM2886444,-1
GSM2886445,-1
GSM2886447,-1
GSM2886448,-1
GSM2886137,-1
GSM2886138,-1
GSM2886139,-1
GSM2886141,-1
GSM2886142,-1
GSM2886143,-1
GSM2886144,-1
GSM2886145,-1
GSM2886146,-1
GSM2886148,-1
GSM2886150,-1
GSM2886151,-1
GSM2886152,-1
GSM2886154,-1
GSM2886155,-1
GSM2886156,-1
GSM2886158,-1
GSM2886159,-1
GSM2886160,-1
GSM2886163,-1
GSM2886164,-1
GSM2886165,-1
GSM2886168,-1
GSM2886169,-1
GSM2886170,-1
GSM2886171,-1
GSM2886172,-1
GSM2886182,-1
GSM2886183,-1
GSM2886185,-1
GSM2886189,-1
GSM2886190,-1
GSM2886191,-1
GSM2886192,-1
GSM2886195,-1
GSM2886196,-1
GSM2886197,-1
GSM2886199,-1
GSM2886200,-1
GSM2886204,-1
GSM2886208,-1
GSM2886209,-1
GSM2886210,-1
GSM2886211,-1
GSM2886212,-1
GSM2886213,-1
GSM2886215,-1
GSM2886216,-1
GSM2886217,-1
GSM2886221,-1
GSM2886223,-1
GSM2886227,-1
GSM2886229,-1
GSM2886235,-1
GSM2886237,-1
GSM2886238,-1
GSM2886252,-1
GSM2886253,-1
GSM2886255,-1
GSM2886258,-1
GSM2886261,-1
GSM2886264,-1
GSM2886267,-1
GSM2886268,-1
GSM2886269,-1
GSM2886271,-1
GSM2886579,-1
GSM2886580,-1
GSM2886583,-1
GSM2886584,-1
GSM2886585,-1
GSM2886586,-1
GSM2886587,-1
GSM2886588,-1
GSM2886589,-1
GSM2886592,-1
GSM2886593,-1
GSM2886594,-1
GSM2886595,-1
GSM2886597,-1
GSM2886598,-1
GSM2886599,-1
GSM2886600,-1
GSM2977575,-1
GSM2977576,-1
GSM2977578,-1
GSM2977579,-1
GSM2977580,-1
GSM2977581,-1
GSM2977582,-1
GSM2977583,-1
GSM2977584,-1
GSM2977585,-1
GSM2977586,-1
GSM3028445,-1
GSM3028453,-1
GSM3028459,-1
GSM3028466,-1
GSM3028469,-1
GSM3028471,-1
GSM3028475,-1
GSM3056403,-1
GSM3056415,-1
GSM3056418,-1
GSM3056432,-1
GSM3056434,-1
GSM3056447,-1
GSM3056450,-1
GSM3056455,-1
GSM3056459,-1
GSM3056475,-1
GSM3056479,-1
GSM3056482,-1
GSM3056483,-1
GSM3056485,-1
GSM3056486,-1
GSM3056500,-1
GSM3056515,-1
GSM3056516,-1
GSM3056520,-1
GSM3056521,-1
GSM3056533,-1
GSM3056549,-1
GSM3056553,-1
GSM3056556,-1
GSM3056562,-1
GSM3056579,-1
GSM3056580,-1
GSM3056581,-1
GSM3122578,-1
GSM3122579,-1
GSM3122580,-1
GSM3122622,-1
GSM3122664,-1
GSM3186730,-1
GSM3186734,-1
GSM3186738,-1
GSM3186741,-1
GSM3206469,-1
GSM3206477,-1
GSM3206478,-1
GSM3206484,-1
GSM3206493,-1
GSM3206500,-1
GSM3206504,-1
GSM3206505,-1
GSM3206509,-1
GSM3206510,-1
GSM3206516,-1
GSM3206523,-1
GSM3206528,-1
GSM3206530,-1
GSM3206534,-1
GSM3206537,-1
GSM3206539,-1
GSM3206541,-1
GSM3206542,-1
GSM3206543,-1
GSM3206549,-1
GSM3206556,-1
GSM3206560,-1
GSM3206564,-1
GSM3206565,-1
GSM3206566,-1
GSM3206577,-1
GSM3206579,-1
GSM3206581,-1
GSM3206584,-1
GSM3206593,-1
GSM3206596,-1
GSM3206598,-1
GSM3206600,-1
GSM3206604,-1
GSM3206605,-1
GSM3206607,-1
GSM3206608,-1
GSM3206612,-1
GSM3206615,-1
GSM3206618,-1
GSM3206624,-1
GSM3206629,-1
GSM3206631,-1
GSM3206633,-1
GSM3206638,-1
GSM3206640,-1
GSM3206641,-1
GSM3206648,-1
GSM3206651,-1
GSM3206654,-1
GSM3206656,-1
GSM3206665,-1
GSM3206676,-1
GSM3206680,-1
GSM3206681,-1
GSM3206687,-1
GSM3206690,-1
GSM3206696,-1
GSM3206697,-1
GSM3206705,-1
GSM3206712,-1
GSM3206716,-1
GSM3206717,-1
GSM3206723,-1
GSM3206750,-1
GSM3206759,-1
GSM3206762,-1
GSM3206766,-1
GSM3206775,-1
GSM3206779,-1
GSM3206782,-1
GSM3206799,-1
GSM3206804,-1
GSM3206813,-1
GSM3206818,-1
GSM3206821,-1
GSM3206831,-1
GSM3206836,-1
GSM3206839,-1
GSM3206841,-1
GSM3206851,-1
GSM3206856,-1
GSM3206865,-1
GSM3206869,-1
GSM3206871,-1
GSM3206872,-1
GSM3206876,-1
GSM3206879,-1
GSM3206880,-1
GSM3206893,-1
GSM3206899,-1
GSM3206913,-1
GSM3206930,-1
GSM3206934,-1
GSM3401813,-1
GSM3401814,-1
GSM3401817,-1
GSM3401820,-1
GSM3401821,-1
GSM3401823,-1
GSM3401827,-1
GSM3401831,-1
GSM3401832,-1
GSM3401837,-1
GSM3401839,-1
GSM3401840,-1
GSM3401841,-1
GSM3401844,-1
GSM3401845,-1
GSM3401846,-1
GSM3401847,-1
GSM3401850,-1
GSM3401854,-1
GSM3401857,-1
GSM3401858,-1
GSM3401861,-1
GSM3401864,-1
GSM3401865,-1
GSM3401867,-1
GSM3401870,-1
GSM3401878,-1
GSM3401879,-1
GSM3401882,-1
GSM3401883,-1
GSM3401884,-1
GSM3401885,-1
GSM3401887,-1
GSM3401889,-1
GSM3401890,-1
GSM3401891,-1
GSM3401894,-1
GSM3401895,-1
GSM3401899,-1
GSM3401900,-1
GSM3401903,-1
GSM3401904,-1
GSM3401905,-1
GSM3401906,-1
GSM3401908,-1
GSM3401911,-1
GSM3401913,-1
GSM3401922,-1
GSM3401926,-1
GSM3401927,-1
GSM3401928,-1
GSM3401935,-1
GSM3401938,-1
GSM3401939,-1
GSM3401944,-1
GSM3401945,-1
GSM3401946,-1
GSM3401948,-1
GSM3401949,-1
GSM3401959,-1
GSM3401960,-1
GSM3401961,-1
GSM3401962,-1
GSM3401963,-1
GSM3401964,-1
GSM3401965,-1
GSM3401966,-1
GSM3401967,-1
GSM3401969,-1
GSM3401977,-1
GSM3401980,-1
GSM3401983,-1
GSM3401990,-1
GSM3401991,-1
GSM3401992,-1
GSM3401994,-1
GSM3402008,-1
GSM3402009,-1
GSM3402012,-1
GSM3402013,-1
GSM3402014,-1
GSM3402016,-1
GSM3402019,-1
GSM3402021,-1
GSM3402022,-1
GSM3402024,-1
GSM3402027,-1
GSM3402030,-1
GSM3402031,-1
GSM3402034,-1
GSM3402035,-1
GSM3402038,-1
GSM3402039,-1
GSM3402040,-1
GSM3402043,-1
GSM3402044,-1
GSM3402045,-1
GSM3402047,-1
GSM3402048,-1
GSM3402052,-1
GSM3402053,-1
GSM3402054,-1
GSM3402056,-1
GSM3402057,-1
GSM3402058,-1
GSM3402059,-1
GSM1139103,-1
GSM1139104,-1
GSM1139105,-1
GSM1139106,-1
GSM1202518,-1
GSM1202519,-1
GSM1202520,-1
GSM1202521,-1
GSM1202522,-1
GSM1202523,-1
GSM1202524,-1
GSM1202531,-1
GSM1202532,-1
GSM1202533,-1
GSM1202534,-1
GSM1202535,-1
GSM1202536,-1
GSM1202537,-1
GSM1202538,-1
GSM1202539,-1
GSM1202540,-1
GSM1202541,-1
GSM1202542,-1
GSM3330158,-1
GSM3330165,-1
GSM3330168,-1
GSM3330174,-1
GSM3330175,-1
GSM3330178,-1
GSM3330181,-1
GSM3330182,-1
GSM3330183,-1
GSM3330190,-1
GSM3330196,-1
GSM1414929,0
GSM1414930,0
GSM1414931,0
GSM1414932,0
GSM1414933,0
GSM1414934,0
GSM1414935,0
GSM1414936,0
GSM1414937,0
GSM1414938,0
GSM1414939,0
GSM1414940,0
GSM1414941,0
GSM1414942,0
GSM1414943,0
GSM1414944,0
GSM1414945,0
GSM1414946,0
GSM1414947,0
GSM1414948,0
GSM1414949,0
GSM1414950,0
GSM1414951,0
GSM1414952,0
GSM1414953,0
GSM1414954,0
GSM1414955,0
GSM1414956,0
GSM1414957,0
GSM1414958,0
GSM1414959,0
GSM1414960,0
GSM1414961,0
GSM1414963,0
GSM1414964,0
GSM1414965,0
GSM1414966,0
GSM1414967,0
GSM1414968,0
GSM1414969,0
GSM1414970,0
GSM1414975,0
GSM1414976,0
GSM1414977,0
GSM1414978,0
GSM1414979,0
GSM1414980,0
GSM1440487,0
GSM1440488,0
GSM1440489,0
GSM1440490,0
GSM1440491,0
GSM1440492,0
GSM1440493,0
GSM1440494,0
GSM1440495,0
GSM1440496,0
GSM1440497,0
GSM1440498,0
GSM1440499,0
GSM1440500,0
GSM1440501,0
GSM1440502,0
GSM1440503,0
GSM1642278,0
GSM1642280,0
GSM1642282,0
GSM1642284,0
GSM1642286,0
GSM1642288,0
GSM1642290,0
GSM1642292,0
GSM1642294,0
GSM1642296,0
GSM1642298,0
GSM1642300,0
GSM1642302,0
GSM1642304,0
GSM1642306,0
GSM1642308,0
GSM1642310,0
GSM1642312,0
GSM1642314,0
GSM1642316,0
GSM1642318,0
GSM1642320,0
GSM1642322,0
GSM1642324,0
GSM1642326,0
GSM1642328,0
GSM1648803,0
GSM1648804,0
GSM1648805,0
GSM1648806,0
GSM1648807,0
GSM1648808,0
GSM1648809,0
GSM1648810,0
GSM1648811,0
GSM1648812,0
GSM1648813,0
GSM1648814,0
GSM1648815,0
GSM1648816,0
GSM1648817,0
GSM1648818,0
GSM1648819,0
GSM1648820,0
GSM1648821,0
GSM1648822,0
GSM1648823,0
GSM1648824,0
GSM1648825,0
GSM1648826,0
GSM1648827,0
GSM1648828,0
GSM1648829,0
GSM1648830,0
GSM1648831,0
GSM1648832,0
GSM1648833,0
GSM1648834,0
GSM1648835,0
GSM1648836,0
GSM1648837,0
GSM1648838,0
GSM1648839,0
GSM1648840,0
GSM1648841,0
GSM1648842,0
GSM1648843,0
GSM1648844,0
GSM1648846,0
GSM1648847,0
GSM1648848,0
GSM1648849,0
GSM1648850,0
GSM1648851,0
GSM1648852,0
GSM1648853,0
GSM1648854,0
GSM1648855,0
GSM1648856,0
GSM1648857,0
GSM1648858,0
GSM1648859,0
GSM1648860,0
GSM1648861,0
GSM1648862,0
GSM1648863,0
GSM1648864,0
GSM1648865,0
GSM1648866,0
GSM1648867,0
GSM1648868,0
GSM1648869,0
GSM1648870,0
GSM1648871,0
GSM1648872,0
GSM1648873,0
GSM1648874,0
GSM1648875,0
GSM1648876,0
GSM1648877,0
GSM1648878,0
GSM1648879,0
GSM1648880,0
GSM1648881,0
GSM1648882,0
GSM1648883,0
GSM1648884,0
GSM1648885,0
GSM1835913,0
GSM1835914,0
GSM1835915,0
GSM1835916,0
GSM1835917,0
GSM1835918,0
GSM1835931,0
GSM1835932,0
GSM1835933,0
GSM1835934,0
GSM1835935,0
GSM1835936,0
GSM1974536,0
GSM1974537,0
GSM1974538,0
GSM1974539,0
GSM1974540,0
GSM1974541,0
GSM1974542,0
GSM1974543,0
GSM1974544,0
GSM1974545,0
GSM1974546,0
GSM1974547,0
GSM1974548,0
GSM1974549,0
GSM2053721,0
GSM2053722,0
GSM2053724,0
GSM2053725,0
GSM2053727,0
GSM2053728,0
GSM2053729,0
GSM2053730,0
GSM2053731,0
GSM2053732,0
GSM2053733,0
GSM2053734,0
GSM2053735,0
GSM2053736,0
GSM2053739,0
GSM2053740,0
GSM2053741,0
GSM2053742,0
GSM2053743,0
GSM2053744,0
GSM2053745,0
GSM2053746,0
GSM2053747,0
GSM2053748,0
GSM2053749,0
GSM2053750,0
GSM2053751,0
GSM2053752,0
GSM2092510,0
GSM2092515,0
GSM2092520,0
GSM2092525,0
GSM2092530,0
GSM2092535,0
GSM2092540,0
GSM2092545,0
GSM2092550,0
GSM2092555,0
GSM2092560,0
GSM2092565,0
GSM2092575,0
GSM2100621,0
GSM2100622,0
GSM2100623,0
GSM2100624,0
GSM2100625,0
GSM2100626,0
GSM2100627,0
GSM2100628,0
GSM2100629,0
GSM2100630,0
GSM2100631,0
GSM2100632,0
GSM2100633,0
GSM2100634,0
GSM2113432,0
GSM2113433,0
GSM2113434,0
GSM2113435,0
GSM2113436,0
GSM2113439,0
GSM2132201,0
GSM2132202,0
GSM2132203,0
GSM2132204,0
GSM2132205,0
GSM2132206,0
GSM2132207,0
GSM2132208,0
GSM2132209,0
GSM2132210,0
GSM2132211,0
GSM2132212,0
GSM2132217,0
GSM2132218,0
GSM2132219,0
GSM2132220,0
GSM2132221,0
GSM2132222,0
GSM2132223,0
GSM2132224,0
GSM2132225,0
GSM2132235,0
GSM2132236,0
GSM2132237,0
GSM2132238,0
GSM2132239,0
GSM2132240,0
GSM2132245,0
GSM2132246,0
GSM2132247,0
GSM2132248,0
GSM2132249,0
GSM2132250,0
GSM2132251,0
GSM2132252,0
GSM2132253,0
GSM2132254,0
GSM2132256,0
GSM2132258,0
GSM2132259,0
GSM2132260,0
GSM2132261,0
GSM2132266,0
GSM2132267,0
GSM2132268,0
GSM2132270,0
GSM2132271,0
GSM2132276,0
GSM2132277,0
GSM2132278,0
GSM2132279,0
GSM2132280,0
GSM2132281,0
GSM2132283,0
GSM2132288,0
GSM2132289,0
GSM2132290,0
GSM2132291,0
GSM2132293,0
GSM2132294,0
GSM2132295,0
GSM2132300,0
GSM2132301,0
GSM2132302,0
GSM2132303,0
GSM2132304,0
GSM2132306,0
GSM2132307,0
GSM2132313,0
GSM2132314,0
GSM2132315,0
GSM2132316,0
GSM2132317,0
GSM2132318,0
GSM2132324,0
GSM2132325,0
GSM2132326,0
GSM2132328,0
GSM2132329,0
GSM2132330,0
GSM2132331,0
GSM2132337,0
GSM2132338,0
GSM2132339,0
GSM2132340,0
GSM2132341,0
GSM2132342,0
GSM2132346,0
GSM2132347,0
GSM2132348,0
GSM2132349,0
GSM2132350,0
GSM2132351,0
GSM2132358,0
GSM2132359,0
GSM2132360,0
GSM2132362,0
GSM2132363,0
GSM2132364,0
GSM2132365,0
GSM2132370,0
GSM2132371,0
GSM2132372,0
GSM2132374,0
GSM2132375,0
GSM2132376,0
GSM2132377,0
GSM2132382,0
GSM2132383,0
GSM2132384,0
GSM2132386,0
GSM2132387,0
GSM2132388,0
GSM2132389,0
GSM2132394,0
GSM2132395,0
GSM2132396,0
GSM2132397,0
GSM2132401,0
GSM2132406,0
GSM2132407,0
GSM2132408,0
GSM2132409,0
GSM2132410,0
GSM2132411,0
GSM2132415,0
GSM2132416,0
GSM2132417,0
GSM2132418,0
GSM2132419,0
GSM2132421,0
GSM2132423,0
GSM2132427,0
GSM2132429,0
GSM2132430,0
GSM2132431,0
GSM2132435,0
GSM2132437,0
GSM2132438,0
GSM2132439,0
GSM2132441,0
GSM2132447,0
GSM2132454,0
GSM2132455,0
GSM2132463,0
GSM2132464,0
GSM2132465,0
GSM2132469,0
GSM2132474,0
GSM2350088,0
GSM2350098,0
GSM2350201,0
GSM2350203,0
GSM2350204,0
GSM2350205,0
GSM2350206,0
GSM2350208,0
GSM2350209,0
GSM2350210,0
GSM2350211,0
GSM2350215,0
GSM2350217,0
GSM2830596,0
GSM2830597,0
GSM2830598,0
GSM2830599,0
GSM2830600,0
GSM2830601,0
GSM2830602,0
GSM2830604,0
GSM2830605,0
GSM2830608,0
GSM2830609,0
GSM2830610,0
GSM2830611,0
GSM2830613,0
GSM2830614,0
GSM2830615,0
GSM2830616,0
GSM2830617,0
GSM2830618,0
GSM2886832,0
GSM2886833,0
GSM2886834,0
GSM2886835,0
GSM2886836,0
GSM2886838,0
GSM2886839,0
GSM2886840,0
GSM2886841,0
GSM2886842,0
GSM1173802,0
GSM1173803,0
GSM1173804,0
GSM1173805,0
GSM1173806,0
GSM1173807,0
GSM1173808,0
GSM1206234,0
GSM1206235,0
GSM1206236,0
GSM1206237,0
GSM1206238,0
GSM1206239,0
GSM1206240,0
GSM1206241,0
GSM1206242,0
GSM1206243,0
GSM1229367,-1
GSM1229368,-1
GSM1229371,-1
GSM1229372,-1
GSM2735980,-1
GSM2735981,-1
GSM2735982,-1
GSM2735983,-1
GSM2735984,-1
GSM2735985,-1
GSM2735986,-1
GSM2735987,-1
GSM2735989,-1
GSM2735990,-1
GSM2735991,-1
GSM2735992,-1
GSM2735993,-1
GSM2735994,-1
GSM2735995,-1
GSM2735996,-1
GSM2735997,-1
GSM2735998,-1
GSM2735999,-1
GSM2736000,-1
GSM2736001,-1
GSM1808017,-1
GSM1808018,-1
GSM1808019,-1
GSM1808020,-1
GSM1808021,-1
GSM1808022,-1
GSM1808023,-1
GSM1808024,-1
GSM1808027,-1
GSM1808028,-1
GSM1808029,-1
GSM1808030,-1
GSM1808032,-1
GSM1808033,-1
GSM1808034,-1
GSM1808035,-1
GSM1808036,-1
GSM1808037,-1
GSM1808038,-1
GSM1808039,-1
GSM1808040,-1
GSM1808041,-1
GSM2641079,-1
GSM2641080,-1
GSM2641082,-1
GSM2641083,-1
GSM2641084,-1
GSM2641085,-1
GSM2641086,-1
GSM2641087,-1
GSM2641088,-1
GSM2641089,-1
GSM2641090,-1
GSM2641091,-1
GSM2641092,-1
GSM1538070,-1
GSM1538078,-1
GSM1538079,-1
GSM1538080,-1
GSM1538081,-1
GSM1538088,-1
GSM1538090,-1
GSM1538092,-1
GSM1538094,-1
GSM1538098,-1
GSM1538101,-1
GSM1538102,-1
GSM1646682,-1
GSM1646685,-1
GSM1646686,-1
GSM1646687,-1
GSM1646689,-1
GSM1646690,-1
GSM1646691,-1
GSM1646693,-1
GSM1646694,-1
GSM1646695,-1
GSM1646699,-1
GSM1646700,-1
GSM1646703,-1
GSM1646704,-1
GSM1646705,-1
GSM1646706,-1
GSM1646707,-1
GSM1646712,-1
GSM1646713,-1
GSM1646714,-1
GSM1646715,-1
GSM1646716,-1
GSM1646717,-1
GSM1646719,-1
GSM1646720,-1
GSM1646722,-1
GSM1646725,-1
GSM1646727,-1
GSM1646728,-1
GSM1646729,-1
GSM1646730,-1
GSM1646731,-1
GSM1646733,-1
GSM1807973,-1
GSM1807985,-1
GSM1807987,-1
GSM1807974,-1
GSM1807976,-1
GSM1807977,-1
GSM1807980,-1
GSM1807993,-1
GSM1807994,-1
GSM1807995,-1
GSM1807996,-1
GSM2177841,-1
GSM2177844,-1
GSM2177850,-1
GSM2177856,-1
GSM2177859,-1
GSM2177871,-1
GSM2205668,-1
GSM2205669,-1
GSM2205670,-1
GSM2205671,-1
GSM2205672,-1
GSM2205674,-1
GSM2205675,-1
GSM2205676,-1
GSM2205677,-1
GSM2205678,-1
GSM2205679,-1
GSM2334877,-1
GSM2334895,-1
GSM2334899,-1
GSM2334918,-1
GSM2334926,-1
GSM2559739,-1
GSM2559740,-1
GSM2559741,-1
GSM2559742,-1
GSM2559743,-1
GSM2559744,-1
GSM2559749,-1
GSM2559750,-1
GSM2559751,-1
GSM2559753,-1
GSM2627023,-1
GSM2627024,-1
GSM2627025,-1
GSM2627026,-1
GSM2627027,-1
GSM2627028,-1
GSM2627029,-1
GSM2779885,-1
GSM2779890,-1
GSM2779891,-1
GSM2779892,-1
GSM2779895,-1
GSM2779897,-1
GSM2779900,-1
GSM2779901,-1
GSM2779902,-1
GSM2794842,-1
GSM2794843,-1
GSM2794844,-1
GSM2794845,-1
GSM2794846,-1
GSM2794847,-1
GSM2794848,-1
GSM2794849,-1
GSM2794850,-1
GSM2794851,-1
GSM2794852,-1
GSM2794853,-1
GSM2794854,-1
GSM2794855,-1
GSM2794856,-1
GSM2794857,-1
GSM2794858,-1
GSM2794859,-1
GSM2794860,-1
GSM2794861,-1
GSM2807417,-1
GSM3212428,-1
GSM3212438,-1
GSM1375986,-1
GSM1375987,-1
GSM1375988,-1
GSM1375989,-1
GSM1375990,-1
GSM1375992,-1
GSM1375993,-1
GSM1375994,-1
GSM1375995,-1
GSM1375997,-1
GSM1375998,-1
GSM1375999,-1
GSM1376000,-1
GSM1376001,-1
GSM1376002,-1
GSM1376003,-1
GSM1376004,-1
GSM1376005,-1
GSM1376006,-1
GSM1376007,-1
GSM1376008,-1
GSM1376009,-1
GSM1376010,-1
GSM1376011,-1
GSM1376012,-1
GSM1376013,-1
GSM1376014,-1
GSM1376015,-1
GSM1376016,-1
GSM1376017,-1
GSM1376018,-1
GSM1376019,-1
GSM1376021,-1
GSM1376022,-1
GSM1376024,-1
GSM1376025,-1
GSM1376026,-1
GSM1376027,-1
GSM1376028,-1
GSM1376029,-1
GSM1376030,-1
GSM1376031,-1
GSM1376032,-1
GSM1376033,-1
GSM1376034,-1
GSM1376035,-1
GSM1376036,-1
GSM1376038,-1
GSM1376039,-1
GSM1376040,-1
GSM1376041,-1
GSM1376042,-1
GSM1376044,-1
GSM1376045,-1
GSM1376046,-1
GSM1376048,-1
GSM1376050,-1
GSM1376051,-1
GSM1376052,-1
GSM1376055,-1
GSM1376056,-1
GSM1376058,-1
GSM1376059,-1
GSM1376060,-1
GSM1376061,-1
GSM1376062,-1
GSM1376063,-1
GSM1376064,-1
GSM1376065,-1
GSM1376066,-1
GSM1376067,-1
GSM1376068,-1
GSM1376069,-1
GSM1376070,-1
GSM1376071,-1
GSM1376072,-1
GSM1376074,-1
GSM1376075,-1
GSM1376076,-1
GSM1376077,-1
GSM1376078,-1
GSM1376079,-1
GSM1376080,-1
GSM1376081,-1
GSM1376082,-1
GSM1376083,-1
GSM1376085,-1
GSM1376086,-1
GSM1376087,-1
GSM1376089,-1
GSM1376090,-1
GSM1376091,-1
GSM1376092,-1
GSM1376094,-1
GSM1376095,-1
GSM1376096,-1
GSM1376097,-1
GSM1376098,-1
GSM1376099,-1
GSM1376100,-1
GSM1376101,-1
GSM1376103,-1
GSM1376104,-1
GSM1376105,-1
GSM1376108,-1
GSM1376109,-1
GSM1376110,-1
GSM1376111,-1
GSM1376112,-1
GSM1376113,-1
GSM1376114,-1
GSM1376116,-1
GSM1376117,-1
GSM1376118,-1
GSM1376119,-1
GSM1376120,-1
GSM1376121,-1
GSM1376122,-1
GSM1376123,-1
GSM1376125,-1
GSM1376126,-1
GSM1376127,-1
GSM1376128,-1
GSM1376129,-1
GSM1376130,-1
GSM1376131,-1
GSM1376132,-1
GSM1376133,-1
GSM1376134,-1
GSM1376135,-1
GSM1376136,-1
GSM1376137,-1
GSM1376138,-1
GSM1376139,-1
GSM1376140,-1
GSM1376141,-1
GSM1376142,-1
GSM1376143,-1
GSM1376144,-1
GSM1376145,-1
GSM1376146,-1
GSM1376148,-1
GSM1376149,-1
GSM1376150,-1
GSM1376151,-1
GSM1376152,-1
GSM1376153,-1
GSM1376154,-1
GSM1376155,-1
GSM1376156,-1
GSM1376158,-1
GSM1376159,-1
GSM1376161,-1
GSM1376162,-1
GSM1376163,-1
GSM1376164,-1
GSM1376166,-1
GSM1376167,-1
GSM1376168,-1
GSM1376169,-1
GSM1376170,-1
GSM1376172,-1
GSM1376174,-1
GSM1548037,-1
GSM1548038,-1
GSM1548039,-1
GSM1548041,-1
GSM1548042,-1
GSM1548043,-1
GSM1548044,-1
GSM1548045,-1
GSM1548046,-1
GSM1564308,-1
GSM1564309,-1
GSM1564313,-1
GSM1564314,-1
GSM1564315,-1
GSM1564323,-1
GSM1564324,-1
GSM1595839,-1
GSM1595840,-1
GSM1595841,-1
GSM1595842,-1
GSM1595843,-1
GSM1595844,-1
GSM1595845,-1
GSM1595846,-1
GSM1595847,-1
GSM1595848,-1
GSM1595849,-1
GSM1595850,-1
GSM1595851,-1
GSM1595852,-1
GSM1595853,-1
GSM1595854,-1
GSM1595855,-1
GSM1595856,-1
GSM1595857,-1
GSM1595859,-1
GSM1595860,-1
GSM1595861,-1
GSM1595862,-1
GSM1595863,-1
GSM1595864,-1
GSM1595865,-1
GSM1595866,-1
GSM1595867,-1
GSM1624875,-1
GSM1624876,-1
GSM1624877,-1
GSM1624878,-1
GSM1624879,-1
GSM1624880,-1
GSM1624881,-1
GSM1624882,-1
GSM1624883,-1
GSM1624884,-1
GSM1624885,-1
GSM1624886,-1
GSM1624887,-1
GSM1956974,-1
GSM1956975,-1
GSM1956976,-1
GSM1956977,-1
GSM1956978,-1
GSM1956979,-1
GSM1956980,-1
GSM1956981,-1
GSM1956982,-1
GSM1956983,-1
GSM1956984,-1
GSM1956985,-1
GSM1956986,-1
GSM1956987,-1
GSM1956988,-1
GSM1956989,-1
GSM1956990,-1
GSM1956991,-1
GSM1956992,-1
GSM1956993,-1
GSM1956994,-1
GSM1956995,-1
GSM1956996,-1
GSM1956997,-1
GSM2109311,-1
GSM2109312,-1
GSM2109319,-1
GSM2109321,-1
GSM2109322,-1
GSM2109323,-1
GSM2109324,-1
GSM2109325,-1
GSM2109326,-1
GSM2109327,-1
GSM2109328,-1
GSM2109329,-1
GSM2109330,-1
GSM2109331,-1
GSM2109332,-1
GSM2109333,-1
GSM2109335,-1
GSM2109336,-1
GSM2109337,-1
GSM2109338,-1
GSM2109339,-1
GSM2109340,-1
GSM2109341,-1
GSM2109342,-1
GSM2109343,-1
GSM2113412,-1
GSM2113413,-1
GSM2113414,-1
GSM2113415,-1
GSM2113416,-1
GSM2113417,-1
GSM2113418,-1
GSM2113419,-1
GSM2113420,-1
GSM2113421,-1
GSM2113422,-1
GSM2113423,-1
GSM2113424,-1
GSM2113425,-1
GSM2113426,-1
GSM2113427,-1
GSM2113298,-1
GSM2113302,-1
GSM2113304,-1
GSM2113311,-1
GSM2113312,-1
GSM2220783,-1
GSM2220784,-1
GSM2220785,-1
GSM2220786,-1
GSM2220787,-1
GSM2220788,-1
GSM2220789,-1
GSM2220790,-1
GSM2220791,-1
GSM2328306,-1
GSM2328307,-1
GSM2328308,-1
GSM2328310,-1
GSM2328311,-1
GSM2328312,-1
GSM2328316,-1
GSM2328317,-1
GSM2328318,-1
GSM2328319,-1
GSM2328320,-1
GSM2328321,-1
GSM2328322,-1
GSM2328323,-1
GSM2328324,-1
GSM2328325,-1
GSM2328327,-1
GSM2328328,-1
GSM2328329,-1
GSM2328330,-1
GSM2328331,-1
GSM2328334,-1
GSM2328335,-1
GSM2328336,-1
GSM2328337,-1
GSM2328338,-1
GSM2328339,-1
GSM2328340,-1
GSM2328341,-1
GSM2328342,-1
GSM2328343,-1
GSM2328345,-1
GSM2328346,-1
GSM2328347,-1
GSM2328348,-1
GSM2328349,-1
GSM2328350,-1
GSM2328351,-1
GSM2328352,-1
GSM2328353,-1
GSM2328354,-1
GSM2328355,-1
GSM2328356,-1
GSM2328357,-1
GSM2328358,-1
GSM2355670,-1
GSM2355671,-1
GSM2355672,-1
GSM2355673,-1
GSM2355674,-1
GSM2355675,-1
GSM2355676,-1
GSM2355677,-1
GSM2355678,-1
GSM2355679,-1
GSM2355680,-1
GSM2355681,-1
GSM2355682,-1
GSM2355683,-1
GSM2359218,-1
GSM2359221,-1
GSM2359222,-1
GSM2359225,-1
GSM2359226,-1
GSM2359228,-1
GSM2359229,-1
GSM2359230,-1
GSM2359231,-1
GSM2359248,-1
GSM2359250,-1
GSM2359251,-1
GSM2359252,-1
GSM2359253,-1
GSM2359254,-1
GSM2359255,-1
GSM2359257,-1
GSM2359258,-1
GSM2359259,-1
GSM2359260,-1
GSM2359261,-1
GSM2359262,-1
GSM2433098,-1
GSM2433100,-1
GSM2433101,-1
GSM2433102,-1
GSM2433103,-1
GSM2433105,-1
GSM2433110,-1
GSM2433111,-1
GSM2433114,-1
GSM2433118,-1
GSM2433119,-1
GSM2433120,-1
GSM2433121,-1
GSM2433122,-1
GSM2433124,-1
GSM2433125,-1
GSM2433127,-1
GSM2433131,-1
GSM2433132,-1
GSM2433134,-1
GSM2433136,-1
GSM2516009,-1
GSM2516010,-1
GSM2516011,-1
GSM2516012,-1
GSM2516014,-1
GSM2516015,-1
GSM2516016,-1
GSM2516017,-1
GSM2516018,-1
GSM2516019,-1
GSM2516020,-1
GSM2516021,-1
GSM2516022,-1
GSM2516026,-1
GSM2516028,-1
GSM2516029,-1
GSM2516030,-1
GSM2516031,-1
GSM2516032,-1
GSM2550456,-1
GSM2550457,-1
GSM2550458,-1
GSM2550459,-1
GSM2550461,-1
GSM2550463,-1
GSM2550464,-1
GSM2550465,-1
GSM2550466,-1
GSM2550467,-1
GSM2550468,-1
GSM2550469,-1
GSM2550470,-1
GSM2550471,-1
GSM2645546,-1
GSM2645548,-1
GSM2645549,-1
GSM2645550,-1
GSM2645552,-1
GSM2645553,-1
GSM2645554,-1
GSM2645556,-1
GSM2645558,-1
GSM2645561,-1
GSM2645563,-1
GSM2645564,-1
GSM2645566,-1
GSM2645568,-1
GSM2645569,-1
GSM2645570,-1
GSM2645572,-1
GSM2645573,-1
GSM2645574,-1
GSM2645575,-1
GSM2645576,-1
GSM2645577,-1
GSM2949391,-1
GSM2949392,-1
GSM2949400,-1
GSM3056966,-1
GSM3056967,-1
GSM3056968,-1
GSM3056969,-1
GSM3056970,-1
GSM3056971,-1
GSM3056972,-1
GSM3056977,-1
GSM3056978,-1
GSM3056979,-1
GSM3056981,-1
GSM3056983,-1
GSM3056984,-1
GSM3056986,-1
GSM3056987,-1
GSM3165593,-1
GSM3165595,-1
GSM3165596,-1
GSM3165597,-1
GSM3165598,-1
GSM3165599,-1
GSM3165600,-1
GSM3165601,-1
GSM3165603,-1
GSM3165604,-1
GSM3165605,-1
GSM3165607,-1
GSM3165608,-1
GSM3165609,-1
GSM3165610,-1
GSM3165611,-1
GSM3165612,-1
GSM3165613,-1
GSM3165614,-1
GSM3165616,-1
GSM3165617,-1
GSM3165618,-1
GSM3369944,-1
GSM3369946,-1
GSM3369954,-1
GSM3428304,-1
GSM3428306,-1
GSM3428307,-1
GSM3428308,-1
GSM2194088,-1
GSM2194089,-1
GSM2194109,-1
GSM2194110,-1
GSM2194111,-1
GSM2724429,-1
GSM2724460,-1
GSM1473764,-1
GSM1473767,-1
GSM1473779,-1
GSM1473781,-1
GSM1473784,-1
GSM1473786,-1
GSM1473788,-1
GSM1473790,-1
GSM1473792,-1
GSM1473794,-1
GSM1473805,-1
GSM1538997,-1
GSM1539000,-1
GSM1539007,-1
GSM1632422,-1
GSM1632423,-1
GSM1632424,-1
GSM1632425,-1
GSM1632426,-1
GSM1632427,-1
GSM1632430,-1
GSM1632431,-1
GSM1632432,-1
GSM2028116,-1
GSM2028117,-1
GSM2028118,-1
GSM2028119,-1
GSM2028122,-1
GSM2028123,-1
GSM2050827,-1
GSM2050828,-1
GSM2050831,-1
GSM2050832,-1
GSM2050833,-1
GSM2050834,-1
GSM2050837,-1
GSM2050838,-1
GSM2050839,-1
GSM2050844,-1
GSM2050847,-1
GSM2050848,-1
GSM2050849,-1
GSM2310374,-1
GSM2310376,-1
GSM2310380,-1
GSM2310382,-1
GSM2393537,-1
GSM2393538,-1
GSM2393539,-1
GSM2393540,-1
GSM2393541,-1
GSM2393542,-1
GSM2393543,-1
GSM2393544,-1
GSM2393545,-1
GSM2393546,-1
GSM2393547,-1
GSM2393548,-1
GSM2448850,-1
GSM2448851,-1
GSM2448852,-1
GSM2448853,-1
GSM2448854,-1
GSM2448855,-1
GSM2448856,-1
GSM2448857,-1
GSM2448858,-1
GSM2462049,-1
GSM2462050,-1
GSM2462051,-1
GSM2462052,-1
GSM2462053,-1
GSM2462054,-1
GSM2462055,-1
GSM2462057,-1
GSM2462058,-1
GSM2462059,-1
GSM2462060,-1
GSM2462061,-1
GSM2462062,-1
GSM2462063,-1
GSM2462064,-1
GSM2462065,-1
GSM2462066,-1
GSM2462067,-1
GSM2462068,-1
GSM2462069,-1
GSM2462070,-1
GSM2462071,-1
GSM2462072,-1
GSM2462073,-1
GSM2462074,-1
GSM2462075,-1
GSM2695253,-1
GSM2695254,-1
GSM2695255,-1
GSM2695256,-1
GSM2695257,-1
GSM2695258,-1
GSM2695259,-1
GSM2695260,-1
GSM2695261,-1
GSM2695262,-1
GSM2695264,-1
GSM2695265,-1
GSM2695266,-1
GSM2695267,-1
GSM2695268,-1
GSM2695269,-1
GSM2695270,-1
GSM2695271,-1
GSM2695272,-1
GSM2695273,-1
GSM2695274,-1
GSM2695275,-1
GSM2695276,-1
GSM1369063,-1
GSM1369064,-1
GSM1369065,-1
GSM1369068,-1
GSM1369069,-1
GSM1369070,-1
GSM1369072,-1
GSM1369073,-1
GSM1369074,-1
GSM1369075,-1
GSM1369076,-1
GSM1369077,-1
GSM1369080,-1
GSM1369083,-1
GSM1369085,-1
GSM1369088,-1
GSM1369090,-1
GSM1369091,-1
GSM1369092,-1
GSM1369094,-1
GSM1369095,-1
GSM1369096,-1
GSM1369097,-1
GSM1369098,-1
GSM1369100,-1
GSM1369102,-1
GSM1369105,-1
GSM1369107,-1
GSM1395357,-1
GSM1395358,-1
GSM1395359,-1
GSM1395360,-1
GSM1395361,-1
GSM1395362,-1
GSM1395363,-1
GSM1395364,-1
GSM1395365,-1
GSM1395366,-1
GSM1395367,-1
GSM1395368,-1
GSM1395369,-1
GSM1395370,-1
GSM1395371,-1
GSM1395372,-1
GSM1395373,-1
GSM1395374,-1
GSM1395375,-1
GSM1395376,-1
GSM1395377,-1
GSM1395378,-1
GSM1395379,-1
GSM1395380,-1
GSM1395381,-1
GSM1395383,-1
GSM1395384,-1
GSM1395385,-1
GSM1395386,-1
GSM1395387,-1
GSM1395388,-1
GSM1395389,-1
GSM1395390,-1
GSM1395391,-1
GSM1395392,-1
GSM1395393,-1
GSM1395394,-1
GSM1395395,-1
GSM1395396,-1
GSM1395397,-1
GSM1395398,-1
GSM1528134,-1
GSM1528135,-1
GSM1528136,-1
GSM1528137,-1
GSM1528138,-1
GSM1528139,-1
GSM1528198,-1
GSM1528199,-1
GSM1528200,-1
GSM1528201,-1
GSM1528202,-1
GSM1528203,-1
GSM1528204,-1
GSM1528205,-1
GSM1528206,-1
GSM1528207,-1
GSM1528208,-1
GSM1528209,-1
GSM1528210,-1
GSM1528211,-1
GSM1528212,-1
GSM1528213,-1
GSM1535675,-1
GSM1535676,-1
GSM1535677,-1
GSM1535678,-1
GSM1535679,-1
GSM1535680,-1
GSM1535681,-1
GSM1535682,-1
GSM1535683,-1
GSM1535684,-1
GSM1535685,-1
GSM1535686,-1
GSM1535687,-1
GSM1535688,-1
GSM1535689,-1
GSM1535690,-1
GSM1535691,-1
GSM1535692,-1
GSM1535693,-1
GSM1535694,-1
GSM1535695,-1
GSM1658681,-1
GSM1658682,-1
GSM1658683,-1
GSM1658684,-1
GSM1658685,-1
GSM1658686,-1
GSM1658687,-1
GSM1658688,-1
GSM1658689,-1
GSM1665946,-1
GSM1665947,-1
GSM1665948,-1
GSM1665949,-1
GSM1665950,-1
GSM1665951,-1
GSM1665952,-1
GSM1665953,-1
GSM1665954,-1
GSM1665955,-1
GSM1665956,-1
GSM1665957,-1
GSM1665958,-1
GSM1665959,-1
GSM1665960,-1
GSM1665961,-1
GSM1665962,-1
GSM1665963,-1
GSM1665964,-1
GSM1665965,-1
GSM1665966,-1
GSM1866989,-1
GSM1866990,-1
GSM1866991,-1
GSM1866992,-1
GSM1866993,-1
GSM1866994,-1
GSM1866995,-1
GSM1866996,-1
GSM1866997,-1
GSM1866998,-1
GSM1866999,-1
GSM1867000,-1
GSM1867004,-1
GSM1867005,-1
GSM1867006,-1
GSM1867007,-1
GSM1867008,-1
GSM1867010,-1
GSM1872905,-1
GSM1872906,-1
GSM1872907,-1
GSM1872908,-1
GSM1872910,-1
GSM1872912,-1
GSM1872913,-1
GSM1872915,-1
GSM1872916,-1
GSM1872918,-1
GSM1872920,-1
GSM1872921,-1
GSM1872922,-1
GSM1872923,-1
GSM1872925,-1
GSM1872926,-1
GSM1872927,-1
GSM1872928,-1
GSM1872930,-1
GSM1872932,-1
GSM1872933,-1
GSM1872934,-1
GSM1872936,-1
GSM1872937,-1
GSM1872938,-1
GSM1872939,-1
GSM1872940,-1
GSM1872942,-1
GSM1872943,-1
GSM1872945,-1
GSM1872946,-1
GSM1872947,-1
GSM1872948,-1
GSM1872950,-1
GSM1872951,-1
GSM1872952,-1
GSM1872953,-1
GSM1872954,-1
GSM1872955,-1
GSM1872956,-1
GSM1872957,-1
GSM1872958,-1
GSM1872959,-1
GSM1872960,-1
GSM1872961,-1
GSM1872962,-1
GSM1872963,-1
GSM1872965,-1
GSM1872968,-1
GSM1872969,-1
GSM1872970,-1
GSM1872971,-1
GSM1872973,-1
GSM1872974,-1
GSM1872976,-1
GSM1890676,-1
GSM1890677,-1
GSM1890678,-1
GSM1890679,-1
GSM1890680,-1
GSM1890681,-1
GSM1890682,-1
GSM1890683,-1
GSM1890684,-1
GSM2042058,-1
GSM2042059,-1
GSM2042060,-1
GSM2042061,-1
GSM2042062,-1
GSM2042063,-1
GSM2042064,-1
GSM2042065,-1
GSM2042066,-1
GSM2042067,-1
GSM2042068,-1
GSM2042069,-1
GSM2042070,-1
GSM2042071,-1
GSM2042072,-1
GSM2042073,-1
GSM2042074,-1
GSM2042075,-1
GSM2042076,-1
GSM2042077,-1
GSM2042078,-1
GSM2042079,-1
GSM2042080,-1
GSM2042081,-1
GSM2042082,-1
GSM2042083,-1
GSM2042084,-1
GSM2042085,-1
GSM2042087,-1
GSM2042088,-1
GSM2042089,-1
GSM2042090,-1
GSM2042091,-1
GSM2042092,-1
GSM2042093,-1
GSM2042094,-1
GSM2042095,-1
GSM2042096,-1
GSM2042097,-1
GSM2042098,-1
GSM2042099,-1
GSM2042100,-1
GSM2042101,-1
GSM2042102,-1
GSM2042103,-1
GSM2042104,-1
GSM2042105,-1
GSM2042106,-1
GSM2042107,-1
GSM2042108,-1
GSM2042109,-1
GSM2042110,-1
GSM2042111,-1
GSM2042112,-1
GSM2042113,-1
GSM2042114,-1
GSM2042115,-1
GSM2042116,-1
GSM2042117,-1
GSM2042118,-1
GSM2042119,-1
GSM2042120,-1
GSM2042122,-1
GSM2042123,-1
GSM2042124,-1
GSM2042125,-1
GSM2042126,-1
GSM2042127,-1
GSM2042128,-1
GSM2042129,-1
GSM2042130,-1
GSM2042131,-1
GSM2042133,-1
GSM2042134,-1
GSM2042135,-1
GSM2042136,-1
GSM2042137,-1
GSM2042138,-1
GSM2042139,-1
GSM2042140,-1
GSM2042141,-1
GSM2042142,-1
GSM2042143,-1
GSM2060279,-1
GSM2060280,-1
GSM2060281,-1
GSM2060282,-1
GSM2060283,-1
GSM2060284,-1
GSM2060285,-1
GSM2060286,-1
GSM2060287,-1
GSM2060288,-1
GSM2060289,-1
GSM2060290,-1
GSM2155005,-1
GSM2155006,-1
GSM2155007,-1
GSM2155009,-1
GSM2155010,-1
GSM2155011,-1
GSM2155012,-1
GSM2155015,-1
GSM2212625,-1
GSM2212629,-1
GSM2212631,-1
GSM2212632,-1
GSM2212636,-1
GSM2212637,-1
GSM2212640,-1
GSM2212641,-1
GSM2212642,-1
GSM2212643,-1
GSM2212644,-1
GSM2212645,-1
GSM2212647,-1
GSM2212648,-1
GSM2212650,-1
GSM2212651,-1
GSM2212653,-1
GSM2212654,-1
GSM2212655,-1
GSM2212657,-1
GSM2212665,-1
GSM2212666,-1
GSM2212667,-1
GSM2212668,-1
GSM2212669,-1
GSM2212679,-1
GSM2212680,-1
GSM2212681,-1
GSM2212682,-1
GSM2212685,-1
GSM2212689,-1
GSM2212693,-1
GSM2212700,-1
GSM2212702,-1
GSM2212705,-1
GSM2212706,-1
GSM2212714,-1
GSM2212715,-1
GSM2212716,-1
GSM2212723,-1
GSM2212724,-1
GSM2212726,-1
GSM2212727,-1
GSM2212728,-1
GSM2212729,-1
GSM2212736,-1
GSM2212740,-1
GSM2212741,-1
GSM2212744,-1
GSM2212745,-1
GSM2212746,-1
GSM2212747,-1
GSM2212751,-1
GSM2212753,-1
GSM2212755,-1
GSM2393844,-1
GSM2393845,-1
GSM2393846,-1
GSM2393847,-1
GSM2393848,-1
GSM2393849,-1
GSM2393850,-1
GSM2393851,-1
GSM2393852,-1
GSM2393853,-1
GSM2393854,-1
GSM2393855,-1
GSM2402811,-1
GSM2402814,-1
GSM2402816,-1
GSM2402819,-1
GSM2464761,-1
GSM2464762,-1
GSM2464763,-1
GSM2464764,-1
GSM2464765,-1
GSM2464766,-1
GSM2464767,-1
GSM2464768,-1
GSM2464769,-1
GSM2464770,-1
GSM2464771,-1
GSM2464772,-1
GSM2464773,-1
GSM2464774,-1
GSM2464776,-1
GSM2464777,-1
GSM2464778,-1
GSM2464779,-1
GSM2464780,-1
GSM2515724,-1
GSM2515725,-1
GSM2515726,-1
GSM2515727,-1
GSM2515728,-1
GSM2515729,-1
GSM2515730,-1
GSM2515731,-1
GSM2545873,-1
GSM2545874,-1
GSM2545875,-1
GSM2545877,-1
GSM2545878,-1
GSM2545880,-1
GSM2545882,-1
GSM2545883,-1
GSM2545884,-1
GSM2545885,-1
GSM2545886,-1
GSM2545888,-1
GSM2545890,-1
GSM2545893,-1
GSM2545894,-1
GSM2571068,-1
GSM2571069,-1
GSM2571070,-1
GSM2571071,-1
GSM2571072,-1
GSM2571073,-1
GSM2571074,-1
GSM2571075,-1
GSM2571076,-1
GSM2571077,-1
GSM2571078,-1
GSM2571079,-1
GSM2571080,-1
GSM2571081,-1
GSM2571082,-1
GSM2571083,-1
GSM2571084,-1
GSM2571085,-1
GSM2571086,-1
GSM2571087,-1
GSM2571089,-1
GSM2571090,-1
GSM2571092,-1
GSM2571093,-1
GSM2571094,-1
GSM2680444,-1
GSM2680445,-1
GSM2680446,-1
GSM2680447,-1
GSM2680448,-1
GSM2680449,-1
GSM2680462,-1
GSM2680463,-1
GSM2680464,-1
GSM2680465,-1
GSM2680466,-1
GSM2680467,-1
GSM2680468,-1
GSM2680469,-1
GSM2680470,-1
GSM2680471,-1
GSM2680472,-1
GSM2680473,-1
GSM2711403,-1
GSM2711404,-1
GSM2711405,-1
GSM2711785,-1
GSM2711786,-1
GSM2711787,-1
GSM2711788,-1
GSM2711789,-1
GSM2748316,-1
GSM2748317,-1
GSM2748318,-1
GSM2748319,-1
GSM2748320,-1
GSM2748321,-1
GSM2748322,-1
GSM2748324,-1
GSM2871805,-1
GSM2871807,-1
GSM2871808,-1
GSM2871809,-1
GSM2871810,-1
GSM2871811,-1
GSM2871812,-1
GSM2871813,-1
GSM2871814,-1
GSM2871817,-1
GSM2871818,-1
GSM2871819,-1
GSM2871820,-1
GSM2871823,-1
GSM2871824,-1
GSM2871825,-1
GSM2871826,-1
GSM2871827,-1
GSM2871828,-1
GSM2871830,-1
GSM2871831,-1
GSM2871833,-1
GSM2871834,-1
GSM2871835,-1
GSM2871836,-1
GSM2871838,-1
GSM2871840,-1
GSM2871841,-1
GSM2871842,-1
GSM2871843,-1
GSM2871846,-1
GSM2871848,-1
GSM2871850,-1
GSM2871851,-1
GSM2871852,-1
GSM3021854,-1
GSM3021855,-1
GSM3021856,-1
GSM3021857,-1
GSM3021858,-1
GSM3021859,-1
GSM3021860,-1
GSM3021861,-1
GSM3037239,-1
GSM3037240,-1
GSM3037241,-1
GSM3037242,-1
GSM3037247,-1
GSM3102847,-1
GSM3102848,-1
GSM3102849,-1
GSM3102850,-1
GSM3102851,-1
GSM3102852,-1
GSM3102853,-1
GSM3102854,-1
GSM3102855,-1
GSM3102856,-1
GSM3102857,-1
GSM3102858,-1
GSM3160673,-1
GSM3160674,-1
GSM3160675,-1
GSM3160676,-1
GSM3160680,-1
GSM3160684,-1
GSM3160685,-1
GSM3332281,-1
GSM3332282,-1
GSM3332283,-1
GSM3332284,-1
GSM3332285,-1
GSM3332286,-1
GSM3332287,-1
GSM3332288,-1
GSM3332289,-1
GSM3332290,-1
GSM3332291,-1
GSM3332292,-1
GSM1228202,-1
GSM1228203,-1
GSM1228204,-1
GSM1228205,-1
GSM1228207,-1
GSM1228208,-1
GSM1228209,-1
GSM1228210,-1
GSM1228211,-1
GSM1228212,-1
GSM1228213,-1
GSM1228214,-1
GSM1228215,-1
GSM1228216,-1
GSM1228217,-1
GSM1228218,-1
GSM1228219,-1
GSM1484318,-1
GSM1484319,-1
GSM1484320,-1
GSM1484321,-1
GSM1484322,-1
GSM1484323,-1
GSM1484324,-1
GSM1484325,-1
GSM1484326,-1
GSM1484327,-1
GSM1484328,-1
GSM1484330,-1
GSM1484331,-1
GSM1507930,-1
GSM1507931,-1
GSM1507932,-1
GSM1507933,-1
GSM1507934,-1
GSM1507935,-1
GSM1507936,-1
GSM1507937,-1
GSM1507938,-1
GSM1507939,-1
GSM1507940,-1
GSM1507941,-1
GSM1507942,-1
GSM1507943,-1
GSM1517758,-1
GSM1517759,-1
GSM1517760,-1
GSM1517761,-1
GSM1517762,-1
GSM1517763,-1
GSM1517764,-1
GSM1517765,-1
GSM1517766,-1
GSM1517767,-1
GSM1517771,-1
GSM1528378,-1
GSM1528379,-1
GSM1528380,-1
GSM1528381,-1
GSM1528382,-1
GSM1528383,-1
GSM1528384,-1
GSM1528385,-1
GSM1528386,-1
GSM1528387,-1
GSM1528388,-1
GSM1528389,-1
GSM1528390,-1
GSM1528392,-1
GSM1528393,-1
GSM1528394,-1
GSM1528395,-1
GSM1528396,-1
GSM1528397,-1
GSM1528398,-1
GSM1528399,-1
GSM1528400,-1
GSM1528401,-1
GSM1528402,-1
GSM1528403,-1
GSM1528404,-1
GSM1528405,-1
GSM1528406,-1
GSM1579147,-1
GSM1579148,-1
GSM1579149,-1
GSM1579150,-1
GSM1579151,-1
GSM1579152,-1
GSM1579153,-1
GSM1579154,-1
GSM1579155,-1
GSM1579164,-1
GSM1579165,-1
GSM1579166,-1
GSM1579167,-1
GSM1579168,-1
GSM1579169,-1
GSM1579170,-1
GSM1579171,-1
GSM1588852,-1
GSM1588853,-1
GSM1588854,-1
GSM1588855,-1
GSM1588856,-1
GSM1588857,-1
GSM1588858,-1
GSM1588859,-1
GSM1588860,-1
GSM1588861,-1
GSM1588862,-1
GSM1588863,-1
GSM1588864,-1
GSM1588866,-1
GSM1588867,-1
GSM1588869,-1
GSM1588870,-1
GSM1588871,-1
GSM1588873,-1
GSM1588874,-1
GSM1588875,-1
GSM1588876,-1
GSM1588877,-1
GSM1588878,-1
GSM1588879,-1
GSM1588880,-1
GSM1588881,-1
GSM1588882,-1
GSM1588883,-1
GSM1588884,-1
GSM1588885,-1
GSM1588886,-1
GSM1588887,-1
GSM1588888,-1
GSM1588889,-1
GSM1588890,-1
GSM1588891,-1
GSM1588893,-1
GSM1588894,-1
GSM1588895,-1
GSM1588896,-1
GSM1588897,-1
GSM1588898,-1
GSM1588899,-1
GSM1588900,-1
GSM1588901,-1
GSM1588902,-1
GSM1588903,-1
GSM1588904,-1
GSM1588905,-1
GSM1588906,-1
GSM1588907,-1
GSM1588908,-1
GSM1588909,-1
GSM1588910,-1
GSM1588911,-1
GSM1588912,-1
GSM1588913,-1
GSM1632435,-1
GSM1844544,-1
GSM1844545,-1
GSM1844546,-1
GSM1844547,-1
GSM1844548,-1
GSM1844549,-1
GSM1844550,-1
GSM1844551,-1
GSM1844552,-1
GSM1844553,-1
GSM1844554,-1
GSM1844555,-1
GSM1844556,-1
GSM1844558,-1
GSM1844559,-1
GSM1844560,-1
GSM1846904,-1
GSM1846905,-1
GSM1846906,-1
GSM1846907,-1
GSM1846908,-1
GSM1846909,-1
GSM1846910,-1
GSM1846911,-1
GSM1846912,-1
GSM1846913,-1
GSM1846914,-1
GSM1846916,-1
GSM1846917,-1
GSM1846918,-1
GSM1846919,-1
GSM1846920,-1
GSM1846921,-1
GSM1895357,-1
GSM1895361,-1
GSM1895362,-1
GSM1895363,-1
GSM1895358,-1
GSM1895359,-1
GSM1895360,-1
GSM1895364,-1
GSM2069823,-1
GSM2069825,-1
GSM2069827,-1
GSM2069828,-1
GSM2069829,-1
GSM2069830,-1
GSM2069831,-1
GSM2069832,-1
GSM2069833,-1
GSM2069834,-1
GSM2069835,-1
GSM2069836,-1
GSM2069837,-1
GSM2069838,-1
GSM2069839,-1
GSM2069840,-1
GSM2069841,-1
GSM2069842,-1
GSM2069843,-1
GSM2069845,-1
GSM2069846,-1
GSM2069847,-1
GSM2069848,-1
GSM2069849,-1
GSM2069850,-1
GSM2138481,-1
GSM2138482,-1
GSM2138484,-1
GSM2138486,-1
GSM2138487,-1
GSM2138488,-1
GSM2138489,-1
GSM2138490,-1
GSM2138491,-1
GSM2138492,-1
GSM2138494,-1
GSM2138495,-1
GSM2138497,-1
GSM2138499,-1
GSM2138500,-1
GSM2138502,-1
GSM2138503,-1
GSM2138504,-1
GSM2138505,-1
GSM2138506,-1
GSM2138507,-1
GSM2138508,-1
GSM2138509,-1
GSM2138510,-1
GSM2138511,-1
GSM2138512,-1
GSM2138513,-1
GSM2138516,-1
GSM2138517,-1
GSM2138518,-1
GSM2138519,-1
GSM2138520,-1
GSM2138521,-1
GSM2138522,-1
GSM2138523,-1
GSM2138525,-1
GSM2138526,-1
GSM2138527,-1
GSM2138528,-1
GSM2138529,-1
GSM2138530,-1
GSM2138533,-1
GSM2190592,-1
GSM2190593,-1
GSM2190594,-1
GSM2190595,-1
GSM2190596,-1
GSM2190597,-1
GSM2190599,-1
GSM2190600,-1
GSM2190601,-1
GSM2190602,-1
GSM2190603,-1
GSM2199887,-1
GSM2199889,-1
GSM2199891,-1
GSM2199892,-1
GSM2199894,-1
GSM2199895,-1
GSM2199896,-1
GSM2199897,-1
GSM2199898,-1
GSM2199900,-1
GSM2199901,-1
GSM2344965,-1
GSM2344968,-1
GSM2344969,-1
GSM2344970,-1
GSM2344972,-1
GSM2344973,-1
GSM2344974,-1
GSM2344975,-1
GSM2344976,-1
GSM2575272,-1
GSM2575273,-1
GSM2575275,-1
GSM2575276,-1
GSM2575277,-1
GSM2575278,-1
GSM2575279,-1
GSM2575280,-1
GSM2575281,-1
GSM2575282,-1
GSM2575283,-1
GSM2575284,-1
GSM2575285,-1
GSM2575287,-1
GSM2645791,-1
GSM2645792,-1
GSM2645793,-1
GSM2645794,-1
GSM2645795,-1
GSM2645796,-1
GSM2645797,-1
GSM2645798,-1
GSM2645799,-1
GSM2645800,-1
GSM2645801,-1
GSM2645802,-1
GSM2653508,-1
GSM2653509,-1
GSM2653510,-1
GSM2653512,-1
GSM2653513,-1
GSM2653514,-1
GSM2653515,-1
GSM2653516,-1
GSM2653517,-1
GSM2653518,-1
GSM2653519,-1
GSM2653520,-1
GSM2653521,-1
GSM2653522,-1
GSM2653583,-1
GSM2653584,-1
GSM2653585,-1
GSM2653586,-1
GSM2653587,-1
GSM2653588,-1
GSM2664414,-1
GSM2664415,-1
GSM2664416,-1
GSM2664417,-1
GSM2664418,-1
GSM2664419,-1
GSM2664420,-1
GSM2664422,-1
GSM2664423,-1
GSM2664424,-1
GSM2664425,-1
GSM2664427,-1
GSM2732857,-1
GSM2732858,-1
GSM2732859,-1
GSM2732860,-1
GSM2732861,-1
GSM2732862,-1
GSM2732875,-1
GSM2732885,-1
GSM2732886,-1
GSM2732887,-1
GSM2746723,-1
GSM2772346,-1
GSM2772350,-1
GSM2772351,-1
GSM2772353,-1
GSM2772355,-1
GSM2772356,-1
GSM2772357,-1
GSM2772358,-1
GSM2772359,-1
GSM2772362,-1
GSM2772363,-1
GSM2772367,-1
GSM2772370,-1
GSM2772371,-1
GSM2772374,-1
GSM2772375,-1
GSM2772378,-1
GSM2772379,-1
GSM2896752,-1
GSM2896753,-1
GSM2896754,-1
GSM2896755,-1
GSM2896756,-1
GSM2896761,-1
GSM2896762,-1
GSM2896763,-1
GSM2896764,-1
GSM2896767,-1
GSM2896768,-1
GSM2896772,-1
GSM2896775,-1
GSM2896776,-1
GSM2896777,-1
GSM2896778,-1
GSM2896782,-1
GSM2896784,-1
GSM2896785,-1
GSM2896786,-1
GSM2896792,-1
GSM2896794,-1
GSM2896797,-1
GSM2896798,-1
GSM2896799,-1
GSM2896800,-1
GSM2896803,-1
GSM2896804,-1
GSM2896805,-1
GSM2896806,-1
GSM2896807,-1
GSM2896808,-1
GSM2896810,-1
GSM2896812,-1
GSM2896813,-1
GSM2896814,-1
GSM2896816,-1
GSM2896818,-1
GSM2896820,-1
GSM2896821,-1
GSM2896824,-1
GSM2896826,-1
GSM2896828,-1
GSM2896832,-1
GSM2896839,-1
GSM2896842,-1
GSM2896851,-1
GSM2896854,-1
GSM2896855,-1
GSM2896863,-1
GSM2896864,-1
GSM2896869,-1
GSM2896875,-1
GSM2896876,-1
GSM2896878,-1
GSM2896886,-1
GSM2896889,-1
GSM2896891,-1
GSM2896899,-1
GSM2896902,-1
GSM2896903,-1
GSM2896905,-1
GSM2896907,-1
GSM2896908,-1
GSM2896912,-1
GSM2896915,-1
GSM2896919,-1
GSM2896921,-1
GSM2896926,-1
GSM2896931,-1
GSM2896932,-1
GSM2896936,-1
GSM2896938,-1
GSM2896940,-1
GSM2896942,-1
GSM2896943,-1
GSM2896944,-1
GSM2896947,-1
GSM2896948,-1
GSM2896949,-1
GSM2896951,-1
GSM2896952,-1
GSM2896956,-1
GSM2896958,-1
GSM2896961,-1
GSM2896963,-1
GSM2896964,-1
GSM2896967,-1
GSM2896968,-1
GSM2896971,-1
GSM2896979,-1
GSM2896988,-1
GSM2896990,-1
GSM2896991,-1
GSM2896992,-1
GSM2896993,-1
GSM2897000,-1
GSM2897002,-1
GSM2897003,-1
GSM2897008,-1
GSM2897012,-1
GSM2897015,-1
GSM2897016,-1
GSM2897020,-1
GSM2897021,-1
GSM3190465,-1
GSM3190472,-1
GSM3190484,-1
GSM3190486,-1
GSM3190489,-1
GSM3190491,-1
GSM1807997,-1
GSM1807998,-1
GSM1808000,-1
GSM1808004,-1
GSM1808005,-1
GSM1808006,-1
GSM1808008,-1
GSM1808010,-1
GSM1808011,-1
GSM1808012,-1
GSM1808013,-1
GSM1808014,-1
GSM1808015,-1
GSM1835909,-1
GSM1835910,-1
GSM1835911,-1
GSM1835912,-1
GSM1835925,-1
GSM1835926,-1
GSM1835927,-1
GSM1835928,-1
GSM1835929,-1
GSM1835930,-1
GSM1909469,-1
GSM1909470,-1
GSM1909471,-1
GSM1909472,-1
GSM1909473,-1
GSM1909474,-1
GSM1909475,-1
GSM1909476,-1
GSM1909477,-1
GSM1909478,-1
GSM1909479,-1
GSM1909480,-1
GSM2132128,-1
GSM2132129,-1
GSM2132130,-1
GSM2288685,-1
GSM2288686,-1
GSM2288687,-1
GSM2288688,-1
GSM2288689,-1
GSM2288690,-1
GSM2288692,-1
GSM2288693,-1
GSM2288694,-1
GSM2288695,-1
GSM2288696,-1
GSM2458755,-1
GSM2458756,-1
GSM2458757,-1
GSM2458758,-1
GSM2458760,-1
GSM2458761,-1
GSM2458765,-1
GSM2458766,-1
GSM2458767,-1
GSM2458768,-1
GSM2723919,-1
GSM2723921,-1
GSM2723923,-1
GSM2723925,-1
GSM2723927,-1
GSM2723929,-1
GSM2723931,-1
GSM2723933,-1
GSM2723935,-1
GSM2723937,-1
GSM2779654,-1
GSM2779655,-1
GSM2779656,-1
GSM2779657,-1
GSM2779658,-1
GSM2779661,-1
GSM2779662,-1
GSM2779663,-1
GSM2779665,-1
GSM2779667,-1
GSM2779668,-1
GSM2902702,-1
GSM2902703,-1
GSM2902705,-1
GSM2902706,-1
GSM2902707,-1
GSM2902709,-1
GSM2902710,-1
GSM2902711,-1
GSM2902712,-1
GSM2902713,-1
GSM2902714,-1
GSM2902715,-1
GSM2902716,-1
GSM3262928,-1
GSM3262929,-1
GSM3262931,-1
GSM3262932,-1
GSM3262933,-1
GSM3262934,-1
GSM3262936,-1
GSM3262937,-1
GSM3262938,-1
GSM3262939,-1
GSM1095127,-1
GSM3344320,-1
GSM1095128,-1
GSM3344330,-1
GSM3344339,-1
GSM1095129,-1
GSM3344342,-1
GSM3344344,-1
GSM3344345,-1
GSM1095130,-1
GSM3344359,-1
GSM1095131,-1
GSM3344360,-1
GSM3344361,-1
GSM3344366,-1
GSM1095132,-1
GSM3344374,-1
GSM1095133,-1
GSM1095134,-1
GSM1095135,-1
GSM3344404,-1
GSM1095136,-1
GSM3344411,-1
GSM3344412,-1
GSM3344413,-1
GSM1095137,-1
GSM3344422,-1
GSM1095138,-1
GSM3344434,-1
GSM3344436,-1
GSM3417844,-1
GSM3417845,-1
GSM3417846,-1
GSM3417847,-1
GSM3417848,-1
GSM3417849,-1
GSM3417850,-1
GSM3417851,-1
GSM3417853,-1
GSM3417855,-1
GSM1220262,-1
GSM1220263,-1
GSM1220264,-1
GSM1220265,-1
GSM1220267,-1
GSM1220268,-1
GSM2230822,-1
GSM2230823,-1
GSM2230824,-1
GSM2230825,-1
GSM2230826,-1
GSM2230827,-1
GSM2230828,-1
GSM2230829,-1
GSM2230830,-1
GSM2230831,-1
GSM2230832,-1
GSM2230833,-1
GSM2478935,-1
GSM2478936,-1
GSM2478937,-1
GSM2478938,-1
GSM2478939,-1
GSM2478940,-1
GSM2478941,-1
GSM2478942,-1
GSM2478943,-1
GSM2478944,-1
GSM2478945,-1
GSM2478946,-1
GSM2806559,-1
GSM2806560,-1
GSM2806561,-1
GSM2806562,-1
GSM2806563,-1
GSM2806564,-1
GSM2806565,-1
GSM2806566,-1
GSM2806567,-1
GSM2806568,-1
GSM2806569,-1
GSM2806570,-1
GSM2806571,-1
GSM2806572,-1
GSM2806573,-1
GSM2806574,-1
GSM2806575,-1
GSM2806576,-1
GSM2806577,-1
GSM2806578,-1
GSM2806579,-1
GSM2806580,-1
GSM2806581,-1
GSM2899082,-1
GSM2899085,-1
GSM2899092,-1
GSM2899095,-1
GSM2899106,-1
GSM2899116,-1
GSM2899118,-1
GSM2899124,-1
GSM3025097,-1
GSM3025098,-1
GSM3025099,-1
GSM3025100,-1
GSM3025101,-1
GSM3025102,-1
GSM3025103,-1
GSM3025104,-1
GSM3025106,-1
GSM3025107,-1
GSM3025108,-1
GSM3025109,-1
GSM3025111,-1
GSM3025112,-1
GSM3025113,-1
GSM3025114,-1
GSM1556368,0
GSM1556370,0
GSM1556372,0
GSM1556373,0
GSM1556374,0
GSM1556375,0
GSM1556376,0
GSM1556377,0
GSM1556378,0
GSM1556379,0
GSM2345392,0
GSM2345393,0
GSM2345395,0
GSM2345396,0
GSM2345397,0
GSM2345398,0
GSM2345399,0
GSM2345400,0
GSM2345401,0
GSM2345402,0
GSM1100295,0
GSM1100298,0
GSM1100299,0
GSM1100300,0
GSM1100301,0
GSM1100302,0
GSM1100303,0
GSM1100304,0
GSM1100306,0
GSM1100307,0
GSM1100308,0
GSM1574293,-1
GSM1574294,-1
GSM1574295,-1
GSM1574296,-1
GSM1574297,-1
GSM1574298,-1
GSM1574299,-1
GSM1574300,-1
GSM1574301,-1
GSM1574302,-1
GSM1574303,-1
GSM1574305,-1
GSM1574306,-1
GSM1574308,-1
GSM1574309,-1
GSM1574310,-1
GSM1642794,-1
GSM1642795,-1
GSM1642796,-1
GSM1642797,-1
GSM1642830,-1
GSM1642831,-1
GSM1642832,-1
GSM1872096,-1
GSM1872097,-1
GSM1872098,-1
GSM1872099,-1
GSM1872100,-1
GSM1872101,-1
GSM1872102,-1
GSM1872103,-1
GSM1872104,-1
GSM1872105,-1
GSM1872106,-1
GSM1872107,-1
GSM1872108,-1
GSM1872109,-1
GSM1872110,-1
GSM1872111,-1
GSM1872112,-1
GSM1872113,-1
GSM1872114,-1
GSM1872115,-1
GSM1872116,-1
GSM1967994,-1
GSM1967995,-1
GSM1967996,-1
GSM1967997,-1
GSM1967998,-1
GSM1967999,-1
GSM1968000,-1
GSM1968001,-1
GSM1968002,-1
GSM1968005,-1
GSM2100902,-1
GSM2100903,-1
GSM2100904,-1
GSM2100905,-1
GSM2100906,-1
GSM2100907,-1
GSM2100908,-1
GSM2100909,-1
GSM2100910,-1
GSM2100911,-1
GSM2100912,-1
GSM2100913,-1
GSM2100914,-1
GSM2100915,-1
GSM2225747,-1
GSM2225748,-1
GSM2225750,-1
GSM2225751,-1
GSM2225752,-1
GSM2225753,-1
GSM2225754,-1
GSM2225755,-1
GSM2225756,-1
GSM2225757,-1
GSM2225758,-1
GSM2225759,-1
GSM2225760,-1
GSM2225761,-1
GSM2225762,-1
GSM2225763,-1
GSM2225764,-1
GSM2225765,-1
GSM2225766,-1
GSM2225767,-1
GSM2225768,-1
GSM2225770,-1
GSM2225771,-1
GSM2225772,-1
GSM2225773,-1
GSM2225774,-1
GSM2225775,-1
GSM2225776,-1
GSM2225777,-1
GSM2225778,-1
GSM2225781,-1
GSM2225782,-1
GSM2225783,-1
GSM2225784,-1
GSM2225785,-1
GSM2225786,-1
GSM2225787,-1
GSM2225788,-1
GSM2225789,-1
GSM2225790,-1
GSM2225791,-1
GSM2225792,-1
GSM2225795,-1
GSM2225796,-1
GSM2225797,-1
GSM2225798,-1
GSM2225799,-1
GSM2225800,-1
GSM2225801,-1
GSM2225802,-1
GSM2225803,-1
GSM2225804,-1
GSM2225805,-1
GSM2225806,-1
GSM2225807,-1
GSM2225808,-1
GSM2225809,-1
GSM2225810,-1
GSM2225811,-1
GSM2225812,-1
GSM2225813,-1
GSM2225814,-1
GSM2225815,-1
GSM2225816,-1
GSM2225817,-1
GSM2225818,-1
GSM2225819,-1
GSM2412677,-1
GSM2412678,-1
GSM2412679,-1
GSM2412680,-1
GSM2498239,-1
GSM2498240,-1
GSM2498241,-1
GSM2498242,-1
GSM2498243,-1
GSM2498244,-1
GSM2498245,-1
GSM2498246,-1
GSM2498247,-1
GSM2498248,-1
GSM2498249,-1
GSM2498250,-1
GSM2546216,-1
GSM2546217,-1
GSM2546218,-1
GSM2546221,-1
GSM2546222,-1
GSM2546223,-1
GSM2546224,-1
GSM2546225,-1
GSM2546228,-1
GSM2559756,-1
GSM2559757,-1
GSM2559758,-1
GSM2559759,-1
GSM2559760,-1
GSM2559761,-1
GSM2559762,-1
GSM2559763,-1
GSM2559764,-1
GSM2559765,-1
GSM2559766,-1
GSM2559767,-1
GSM2626940,-1
GSM2626941,-1
GSM2626944,-1
GSM2626948,-1
GSM2626950,-1
GSM2626952,-1
GSM2626953,-1
GSM2626956,-1
GSM2626958,-1
GSM2626959,-1
GSM2626960,-1
GSM2626961,-1
GSM2626963,-1
GSM2626964,-1
GSM2626965,-1
GSM2626966,-1
GSM2626968,-1
GSM2626969,-1
GSM2626970,-1
GSM2626971,-1
GSM2626972,-1
GSM2626973,-1
GSM2626975,-1
GSM2626976,-1
GSM2626977,-1
GSM2626978,-1
GSM2626980,-1
GSM2626981,-1
GSM2626984,-1
GSM2626986,-1
GSM2626987,-1
GSM2626989,-1
GSM2626993,-1
GSM2626994,-1
GSM2626995,-1
GSM2626996,-1
GSM2626997,-1
GSM2627000,-1
GSM2627002,-1
GSM2627004,-1
GSM2627006,-1
GSM2627008,-1
GSM2627009,-1
GSM2627010,-1
GSM2627012,-1
GSM2627014,-1
GSM2627015,-1
GSM2627016,-1
GSM2627018,-1
GSM2627019,-1
GSM2627020,-1
GSM2627021,-1
GSM2677861,-1
GSM2677862,-1
GSM2677863,-1
GSM2677864,-1
GSM2677865,-1
GSM2677866,-1
GSM2677867,-1
GSM2677868,-1
GSM2677869,-1
GSM2677870,-1
GSM2677871,-1
GSM2677872,-1
GSM2677873,-1
GSM2677874,-1
GSM2677875,-1
GSM2677876,-1
GSM2677877,-1
GSM2677878,-1
GSM2677885,-1
GSM2677886,-1
GSM2677887,-1
GSM2677888,-1
GSM2677889,-1
GSM2731727,-1
GSM2731728,-1
GSM2731730,-1
GSM2731731,-1
GSM2731732,-1
GSM2731734,-1
GSM2731735,-1
GSM2731736,-1
GSM2731740,-1
GSM2731743,-1
GSM2731744,-1
GSM2731745,-1
GSM2731746,-1
GSM2731748,-1
GSM2731750,-1
GSM2731751,-1
GSM2731753,-1
GSM2835220,-1
GSM2835221,-1
GSM2835222,-1
GSM2835223,-1
GSM2835224,-1
GSM2835225,-1
GSM2835226,-1
GSM2835227,-1
GSM2835228,-1
GSM2835229,-1
GSM2835230,-1
GSM2835232,-1
GSM2835234,-1
GSM2835236,-1
GSM2835237,-1
GSM2835238,-1
GSM2835239,-1
GSM2835240,-1
GSM2835241,-1
GSM2835242,-1
GSM2835243,-1
GSM2889005,-1
GSM2889006,-1
GSM2889007,-1
GSM2889013,-1
GSM2889014,-1
GSM2889016,-1
GSM2889017,-1
GSM2889019,-1
GSM2889020,-1
GSM2889022,-1
GSM2889023,-1
GSM2889024,-1
GSM2889026,-1
GSM2889028,-1
GSM2889029,-1
GSM2889030,-1
GSM2889034,-1
GSM2889037,-1
GSM2889040,-1
GSM2889049,-1
GSM2889052,-1
GSM2889053,-1
GSM2889055,-1
GSM2889056,-1
GSM2889057,-1
GSM2889059,-1
GSM2889062,-1
GSM2889064,-1
GSM2889066,-1
GSM2889067,-1
GSM2889069,-1
GSM2889070,-1
GSM2889078,-1
GSM2889082,-1
GSM2889083,-1
GSM2889085,-1
GSM2889089,-1
GSM3131579,-1
GSM3131580,-1
GSM3131581,-1
GSM3131582,-1
GSM3131583,-1
GSM3131584,-1
GSM3131585,-1
GSM3131586,-1
GSM3131589,-1
GSM3131590,-1
GSM3143082,-1
GSM3143083,-1
GSM3143084,-1
GSM3143085,-1
GSM3143086,-1
GSM3143088,-1
GSM3143089,-1
GSM3143090,-1
GSM3317251,-1
GSM3317254,-1
GSM3317255,-1
GSM3317256,-1
GSM3317257,-1
GSM3317259,-1
GSM3317263,-1
GSM3317264,-1
GSM3317266,-1
GSM3317267,-1
GSM3317270,-1
GSM3317273,-1
GSM3317275,-1
GSM3317276,-1
GSM3317278,-1
GSM3317279,-1
GSM3317280,-1
GSM3317283,-1
GSM1216753,-1
GSM1216756,-1
GSM1216757,-1
GSM1216758,-1
GSM1216759,-1
GSM1216760,-1
GSM1216761,-1
GSM1216764,-1
GSM1216768,-1
GSM1216769,-1
GSM1216770,-1
GSM1216771,-1
GSM1216776,-1
GSM1216779,-1
GSM1216787,-1
GSM1216791,-1
GSM1216796,-1
GSM1216805,-1
GSM1216808,-1
GSM1216810,-1
GSM1216817,-1
GSM1216818,-1
GSM1216819,-1
GSM1216820,-1
GSM1216827,-1
GSM1216829,-1
GSM1216832,-1
GSM1216834,-1
GSM1216835,-1
GSM1216836,-1
GSM1275183,-1
GSM1275184,-1
GSM1368019,-1
GSM1368020,-1
GSM1368021,-1
GSM1368022,-1
GSM1368023,-1
GSM1368024,-1
GSM1553195,-1
GSM1553196,-1
GSM1553197,-1
GSM1553198,-1
GSM1553199,-1
GSM1553200,-1
GSM1553201,-1
GSM1553202,-1
GSM1553203,-1
GSM1553204,-1
GSM1553205,-1
GSM1553206,-1
GSM1631490,-1
GSM1631491,-1
GSM1631492,-1
GSM1631493,-1
GSM1631494,-1
GSM1631495,-1
GSM1631496,-1
GSM1631497,-1
GSM1631498,-1
GSM1631499,-1
GSM1647127,-1
GSM1647128,-1
GSM1647129,-1
GSM1647130,-1
GSM1647131,-1
GSM1647132,-1
GSM1647133,-1
GSM1647134,-1
GSM1647135,-1
GSM1647136,-1
GSM1900663,-1
GSM1900664,-1
GSM1900665,-1
GSM1900666,-1
GSM1900667,-1
GSM1900668,-1
GSM1900669,-1
GSM1900670,-1
GSM1900671,-1
GSM2011502,-1
GSM2011503,-1
GSM2011504,-1
GSM2011505,-1
GSM2011506,-1
GSM2011507,-1
GSM2011508,-1
GSM2011509,-1
GSM2011513,-1
GSM2011514,-1
GSM2011515,-1
GSM2011516,-1
GSM2011517,-1
GSM2026902,-1
GSM2026903,-1
GSM2026905,-1
GSM2026906,-1
GSM2026908,-1
GSM2026910,-1
GSM2026912,-1
GSM2026913,-1
GSM2026914,-1
GSM2026915,-1
GSM2026916,-1
GSM2026918,-1
GSM2026920,-1
GSM2026921,-1
GSM2026923,-1
GSM2026926,-1
GSM2026929,-1
GSM2026931,-1
GSM2026932,-1
GSM2026933,-1
GSM2026934,-1
GSM2026935,-1
GSM2026936,-1
GSM2026937,-1
GSM2026938,-1
GSM2026940,-1
GSM2026941,-1
GSM2026943,-1
GSM2026945,-1
GSM2026947,-1
GSM2026948,-1
GSM2026949,-1
GSM2026950,-1
GSM2026951,-1
GSM2026952,-1
GSM2026953,-1
GSM2026957,-1
GSM2026961,-1
GSM2026966,-1
GSM2026969,-1
GSM2026971,-1
GSM2026973,-1
GSM2026976,-1
GSM2026978,-1
GSM2026983,-1
GSM2026985,-1
GSM2026986,-1
GSM2026987,-1
GSM2026990,-1
GSM2026991,-1
GSM2026992,-1
GSM2011519,-1
GSM2011520,-1
GSM2011521,-1
GSM2011523,-1
GSM2011525,-1
GSM2258993,-1
GSM2258994,-1
GSM2258995,-1
GSM2258996,-1
GSM2258997,-1
GSM2258998,-1
GSM2258999,-1
GSM2259000,-1
GSM2259001,-1
GSM2259002,-1
GSM2259003,-1
GSM2259004,-1
GSM2388489,-1
GSM2388490,-1
GSM2388491,-1
GSM2388492,-1
GSM2388493,-1
GSM2388494,-1
GSM2388495,-1
GSM2388496,-1
GSM2388497,-1
GSM2474566,-1
GSM2474568,-1
GSM2584544,-1
GSM2584545,-1
GSM2584546,-1
GSM2584547,-1
GSM2584548,-1
GSM2584549,-1
GSM2584550,-1
GSM2584551,-1
GSM2584552,-1
GSM2584553,-1
GSM2584554,-1
GSM2584555,-1
GSM2584556,-1
GSM2584557,-1
GSM2584558,-1
GSM2584559,-1
GSM2584560,-1
GSM2584561,-1
GSM2584562,-1
GSM2584563,-1
GSM2584564,-1
GSM2584565,-1
GSM2584566,-1
GSM2584567,-1
GSM2598481,-1
GSM2598482,-1
GSM2598483,-1
GSM2598484,-1
GSM2598485,-1
GSM2598486,-1
GSM2598487,-1
GSM2598488,-1
GSM2598489,-1
GSM2598490,-1
GSM2598491,-1
GSM2598494,-1
GSM2598495,-1
GSM2598496,-1
GSM2598497,-1
GSM2598499,-1
GSM2598501,-1
GSM2598503,-1
GSM2875094,-1
GSM2875095,-1
GSM2875096,-1
GSM2875097,-1
GSM2875098,-1
GSM2875099,-1
GSM2875100,-1
GSM2875101,-1
GSM2875102,-1
GSM2875103,-1
GSM2875104,-1
GSM2875105,-1
GSM3034588,-1
GSM3034589,-1
GSM3034590,-1
GSM3034591,-1
GSM3034592,-1
GSM3034593,-1
GSM3034594,-1
GSM3034595,-1
GSM3034596,-1
GSM3034597,-1
GSM3034598,-1
GSM3034599,-1
GSM3034600,-1
GSM3034601,-1
GSM3034602,-1
GSM3034604,-1
GSM3034605,-1
GSM3034606,-1
GSM3034607,-1
GSM3034608,-1
GSM3034609,-1
GSM3034610,-1
GSM3034611,-1
GSM1145136,-1
GSM1145137,-1
GSM1145138,-1
GSM1145139,-1
GSM1145140,-1
GSM1145141,-1
GSM1145142,-1
GSM2143918,-1
GSM2143919,-1
GSM2143920,-1
GSM2143921,-1
GSM2143922,-1
GSM2143923,-1
GSM2143924,-1
GSM2143925,-1
GSM2143926,-1
GSM2359263,-1
GSM2359264,-1
GSM2359265,-1
GSM2359266,-1
GSM2359267,-1
GSM2359268,-1
GSM2359269,-1
GSM2359271,-1
GSM2359272,-1
GSM2359273,-1
GSM2359276,-1
GSM2359277,-1
GSM2436464,-1
GSM2436465,-1
GSM2436466,-1
GSM2436467,-1
GSM2436469,-1
GSM2436470,-1
GSM2436472,-1
GSM2436473,-1
GSM2436474,-1
GSM2436475,-1
GSM2436476,-1
GSM2436477,-1
GSM2436478,-1
GSM2436479,-1
GSM2436480,-1
GSM2436481,-1
GSM2436482,-1
GSM2436483,-1
GSM2436484,-1
GSM2436485,-1
GSM2436486,-1
GSM2436487,-1
GSM2436488,-1
GSM2436489,-1
GSM2436490,-1
GSM2436491,-1
GSM2436492,-1
GSM2436493,-1
GSM2436494,-1
GSM2436495,-1
GSM2436496,-1
GSM2436497,-1
GSM2436498,-1
GSM2436499,-1
GSM2436500,-1
GSM2436501,-1
GSM2436502,-1
GSM2436503,-1
GSM2436504,-1
GSM2436505,-1
GSM2436506,-1
GSM2436507,-1
GSM2577118,-1
GSM2577119,-1
GSM2577120,-1
GSM2577122,-1
GSM2577123,-1
GSM2577124,-1
GSM2577125,-1
GSM2577126,-1
GSM2577127,-1
GSM2577128,-1
GSM2577129,-1
GSM2577130,-1
GSM2577131,-1
GSM2577132,-1
GSM2577133,-1
GSM2577134,-1
GSM2577135,-1
GSM2577136,-1
GSM2577137,-1
GSM2577138,-1
GSM2577139,-1
GSM2577140,-1
GSM2577142,-1
GSM2577143,-1
GSM2577144,-1
GSM2577145,-1
GSM2577146,-1
GSM2577147,-1
GSM2698392,-1
GSM2698396,-1
GSM2698400,-1
GSM2787432,-1
GSM2787433,-1
GSM2787435,-1
GSM2787437,-1
GSM2787439,-1
GSM2787440,-1
GSM2787441,-1
GSM2787442,-1
GSM2787443,-1
GSM2787444,-1
GSM2787445,-1
GSM2787447,-1
GSM2787448,-1
GSM2787451,-1
GSM2787452,-1
GSM2787453,-1
GSM2787454,-1
GSM2787455,-1
GSM2787456,-1
GSM2787457,-1
GSM2787458,-1
GSM2787459,-1
GSM2787461,-1
GSM2787462,-1
GSM2787465,-1
GSM2877308,-1
GSM2877309,-1
GSM2877310,-1
GSM2877312,-1
GSM2877313,-1
GSM2877314,-1
GSM2877315,-1
GSM2877318,-1
GSM2877319,-1
GSM2877320,-1
GSM2877322,-1
GSM2877323,-1
GSM2877324,-1
GSM2877325,-1
GSM2943816,-1
GSM2943835,-1
GSM2943836,-1
GSM2943837,-1
GSM2943839,-1
GSM2943840,-1
GSM2943841,-1
GSM2943842,-1
GSM2943843,-1
GSM2943844,-1
GSM2943845,-1
GSM2943846,-1
GSM2943847,-1
GSM2943848,-1
GSM2943849,-1
GSM2940520,-1
GSM2940521,-1
GSM2940524,-1
GSM2940526,-1
GSM2940527,-1
GSM2940529,-1
GSM2940530,-1
GSM2940531,-1
GSM2940532,-1
GSM2940533,-1
GSM2108600,-1
GSM2108601,-1
GSM2108602,-1
GSM2108603,-1
GSM2108604,-1
GSM2108605,-1
GSM2108606,-1
GSM2108607,-1
GSM2108608,-1
GSM2108609,-1
GSM2108610,-1
GSM2108611,-1
GSM2108612,-1
GSM2108613,-1
GSM2108614,-1
GSM2108615,-1
GSM2108616,-1
GSM2108617,-1
GSM2247361,-1
GSM2247363,-1
GSM2247364,-1
GSM2247366,-1
GSM2247367,-1
GSM2247368,-1
GSM2247369,-1
GSM2247370,-1
GSM2247371,-1
GSM2627069,-1
GSM2627070,-1
GSM2627077,-1
GSM2627078,-1
GSM2627080,-1
GSM2627084,-1
GSM2627085,-1
GSM2627089,-1
GSM2627091,-1
GSM2627092,-1
GSM2627093,-1
GSM2627094,-1
GSM2627095,-1
GSM2627096,-1
GSM2627097,-1
GSM2627098,-1
GSM2627099,-1
GSM2627100,-1
GSM2627104,-1
GSM2627105,-1
GSM2627108,-1
GSM2627109,-1
GSM2627110,-1
GSM2627114,-1
GSM2627115,-1
GSM2627116,-1
GSM2627118,-1
GSM2627120,-1
GSM2786721,-1
GSM2786722,-1
GSM2786723,-1
GSM2786725,-1
GSM2786726,-1
GSM2786728,-1
GSM2786729,-1
GSM2786730,-1
GSM2786731,-1
GSM2786732,-1
GSM2786733,-1
GSM1669552,-1
GSM1669553,-1
GSM1669554,-1
GSM1669555,-1
GSM1669556,-1
GSM1669557,-1
GSM1669558,-1
GSM1669559,-1
GSM1669560,-1
GSM1669561,-1
GSM1959793,-1
GSM1959795,-1
GSM1959796,-1
GSM1959797,-1
GSM2088003,-1
GSM2088004,-1
GSM2088005,-1
GSM2088006,-1
GSM2088007,-1
GSM2088008,-1
GSM2088009,-1
GSM2088010,-1
GSM2088011,-1
GSM2088012,-1
GSM2088013,-1
GSM2088014,-1
GSM2088016,-1
GSM2088017,-1
GSM2088018,-1
GSM2088019,-1
GSM2088020,-1
GSM2088021,-1
GSM2088022,-1
GSM2088023,-1
GSM2088024,-1
GSM2088025,-1
GSM2088027,-1
GSM2088028,-1
GSM2088029,-1
GSM2088030,-1
GSM2088031,-1
GSM2088032,-1
GSM2088033,-1
GSM2088034,-1
GSM2088035,-1
GSM2088036,-1
GSM2088037,-1
GSM2088038,-1
GSM2088039,-1
GSM2088040,-1
GSM2088042,-1
GSM2088043,-1
GSM2088044,-1
GSM2088045,-1
GSM2088046,-1
GSM2088047,-1
GSM2088048,-1
GSM2088049,-1
GSM2088050,-1
GSM2088051,-1
GSM2088052,-1
GSM2088053,-1
GSM2088054,-1
GSM2088055,-1
GSM2088056,-1
GSM2088058,-1
GSM2088059,-1
GSM2088060,-1
GSM2088061,-1
GSM2088062,-1
GSM2088064,-1
GSM2088065,-1
GSM2088066,-1
GSM2088067,-1
GSM2088068,-1
GSM2088069,-1
GSM2088071,-1
GSM2088072,-1
GSM2088073,-1
GSM2088074,-1
GSM2088076,-1
GSM2088077,-1
GSM2088078,-1
GSM2088079,-1
GSM2088080,-1
GSM2088081,-1
GSM2088082,-1
GSM2088083,-1
GSM2088084,-1
GSM2088085,-1
GSM2088086,-1
GSM2088087,-1
GSM2088088,-1
GSM2088089,-1
GSM2088090,-1
GSM2088091,-1
GSM2088092,-1
GSM2088093,-1
GSM2088094,-1
GSM2088095,-1
GSM2088096,-1
GSM2088097,-1
GSM2088098,-1
GSM2088099,-1
GSM2088100,-1
GSM2088101,-1
GSM2088102,-1
GSM2088103,-1
GSM2088104,-1
GSM2088105,-1
GSM2088106,-1
GSM2088107,-1
GSM2088108,-1
GSM2088109,-1
GSM2088110,-1
GSM2088111,-1
GSM2088112,-1
GSM2088114,-1
GSM2088115,-1
GSM2088116,-1
GSM2088117,-1
GSM2088118,-1
GSM2088120,-1
GSM2088121,-1
GSM2088122,-1
GSM2088123,-1
GSM2088124,-1
GSM2088125,-1
GSM2088126,-1
GSM2088127,-1
GSM2088128,-1
GSM2088129,-1
GSM2088130,-1
GSM2088131,-1
GSM2088132,-1
GSM2088133,-1
GSM2088134,-1
GSM2125479,-1
GSM2125480,-1
GSM2125481,-1
GSM2125482,-1
GSM2125483,-1
GSM2125484,-1
GSM2125485,-1
GSM2125486,-1
GSM2125487,-1
GSM2125488,-1
GSM2125489,-1
GSM2125490,-1
GSM2125491,-1
GSM2125492,-1
GSM2125493,-1
GSM2125494,-1
GSM2125495,-1
GSM2125496,-1
GSM2125497,-1
GSM2125498,-1
GSM2125499,-1
GSM2125500,-1
GSM2125501,-1
GSM2125502,-1
GSM2220755,-1
GSM2220756,-1
GSM2220757,-1
GSM2220758,-1
GSM2220759,-1
GSM2220760,-1
GSM2220761,-1
GSM2220763,-1
GSM2220764,-1
GSM2220765,-1
GSM2220766,-1
GSM2220767,-1
GSM2220768,-1
GSM2220770,-1
GSM2261512,-1
GSM2261513,-1
GSM2261518,-1
GSM2261520,-1
GSM2261521,-1
GSM2261523,-1
GSM2261524,-1
GSM2261525,-1
GSM2261527,-1
GSM2261529,-1
GSM2261530,-1
GSM2261535,-1
GSM2302020,-1
GSM2302022,-1
GSM2302023,-1
GSM2302025,-1
GSM2302027,-1
GSM2302028,-1
GSM2302029,-1
GSM2302030,-1
GSM2302032,-1
GSM2302034,-1
GSM2302036,-1
GSM2302040,-1
GSM2302041,-1
GSM2302042,-1
GSM2302043,-1
GSM2302044,-1
GSM2302045,-1
GSM2302046,-1
GSM2302047,-1
GSM2302048,-1
GSM2302050,-1
GSM2302051,-1
GSM2302052,-1
GSM2302053,-1
GSM2302054,-1
GSM2302055,-1
GSM2302056,-1
GSM2302057,-1
GSM2302058,-1
GSM2302059,-1
GSM2302060,-1
GSM2302061,-1
GSM2302062,-1
GSM2302063,-1
GSM2302064,-1
GSM2302066,-1
GSM2302067,-1
GSM2302068,-1
GSM2302069,-1
GSM2302070,-1
GSM2302071,-1
GSM2302072,-1
GSM2302073,-1
GSM2302074,-1
GSM2302075,-1
GSM2302076,-1
GSM2302077,-1
GSM2302078,-1
GSM2302079,-1
GSM2302080,-1
GSM2302081,-1
GSM2302082,-1
GSM2302083,-1
GSM2302084,-1
GSM2302085,-1
GSM2302086,-1
GSM2302087,-1
GSM2302088,-1
GSM2302089,-1
GSM2302090,-1
GSM2302091,-1
GSM2302092,-1
GSM2302093,-1
GSM2302094,-1
GSM2302095,-1
GSM2302096,-1
GSM2302097,-1
GSM2302098,-1
GSM2302099,-1
GSM2302100,-1
GSM2302101,-1
GSM2302102,-1
GSM2302103,-1
GSM2302104,-1
GSM2302105,-1
GSM2302106,-1
GSM2302107,-1
GSM2302108,-1
GSM2302110,-1
GSM2302111,-1
GSM2302112,-1
GSM2302113,-1
GSM2302114,-1
GSM2302115,-1
GSM2302116,-1
GSM2302117,-1
GSM2302118,-1
GSM2302119,-1
GSM2302120,-1
GSM2302121,-1
GSM2302122,-1
GSM2302123,-1
GSM2302124,-1
GSM2302125,-1
GSM2302126,-1
GSM2302127,-1
GSM2302128,-1
GSM2302129,-1
GSM2302130,-1
GSM2302131,-1
GSM2302132,-1
GSM2302133,-1
GSM2302134,-1
GSM2302136,-1
GSM2302137,-1
GSM2302138,-1
GSM2302139,-1
GSM2302140,-1
GSM2302141,-1
GSM2302142,-1
GSM2302143,-1
GSM2302144,-1
GSM2302145,-1
GSM2302146,-1
GSM2302147,-1
GSM2302148,-1
GSM2302149,-1
GSM2302150,-1
GSM2302151,-1
GSM2302152,-1
GSM2302153,-1
GSM2302154,-1
GSM2302155,-1
GSM2302156,-1
GSM2302157,-1
GSM2302033,-1
GSM2302035,-1
GSM2302037,-1
GSM2302038,-1
GSM2302039,-1
GSM2454165,-1
GSM2454166,-1
GSM2454167,-1
GSM2454168,-1
GSM2454169,-1
GSM2454170,-1
GSM2454172,-1
GSM2454173,-1
GSM2454174,-1
GSM2454176,-1
GSM2454178,-1
GSM2454179,-1
GSM2454181,-1
GSM2454182,-1
GSM2454183,-1
GSM2454185,-1
GSM2454186,-1
GSM2454187,-1
GSM2454188,-1
GSM2454189,-1
GSM2454191,-1
GSM2454192,-1
GSM2454193,-1
GSM2454194,-1
GSM2454197,-1
GSM2454198,-1
GSM2454199,-1
GSM2454200,-1
GSM2454201,-1
GSM2454203,-1
GSM2454205,-1
GSM2454206,-1
GSM2454207,-1
GSM2498321,-1
GSM2498322,-1
GSM2498323,-1
GSM2498324,-1
GSM2498325,-1
GSM2498326,-1
GSM2498327,-1
GSM2498331,-1
GSM2498335,-1
GSM2498336,-1
GSM2498337,-1
GSM2498339,-1
GSM2550405,-1
GSM2550406,-1
GSM2550407,-1
GSM2550408,-1
GSM2550409,-1
GSM2550410,-1
GSM2550411,-1
GSM2550412,-1
GSM2550413,-1
GSM2550414,-1
GSM2550415,-1
GSM2550416,-1
GSM2550417,-1
GSM2550418,-1
GSM2550419,-1
GSM2550420,-1
GSM2550422,-1
GSM2550423,-1
GSM2550424,-1
GSM2550425,-1
GSM2550426,-1
GSM2550427,-1
GSM2550428,-1
GSM2550429,-1
GSM2550430,-1
GSM2550431,-1
GSM2550432,-1
GSM2550433,-1
GSM2550434,-1
GSM2550436,-1
GSM2550437,-1
GSM2550439,-1
GSM2550440,-1
GSM2550441,-1
GSM2550444,-1
GSM2550445,-1
GSM2550446,-1
GSM2550447,-1
GSM2550448,-1
GSM2550449,-1
GSM2550450,-1
GSM2550451,-1
GSM3121166,-1
GSM3121167,-1
GSM3121168,-1
GSM3121169,-1
GSM3121170,-1
GSM3121171,-1
GSM3121172,-1
GSM3121173,-1
GSM3121174,-1
GSM3121175,-1
GSM1273615,-1
GSM1273621,-1
GSM1273622,-1
GSM1273623,-1
GSM1273624,-1
GSM1273625,-1
GSM1273628,-1
GSM1273629,-1
GSM1273630,-1
GSM1273631,-1
GSM1273632,-1
GSM1273633,-1
GSM1273635,-1
GSM1273636,-1
GSM1273637,-1
GSM1273639,-1
GSM1273640,-1
GSM1273641,-1
GSM1365937,-1
GSM1365938,-1
GSM1365939,-1
GSM1365940,-1
GSM1365947,-1
GSM1365948,-1
GSM1365949,-1
GSM1365950,-1
GSM1365951,-1
GSM1365957,-1
GSM1365958,-1
GSM1365959,-1
GSM1365960,-1
GSM1365961,-1
GSM1365967,-1
GSM1365968,-1
GSM1365969,-1
GSM1365970,-1
GSM1365971,-1
GSM1365977,-1
GSM1365978,-1
GSM1365979,-1
GSM1365980,-1
GSM1365981,-1
GSM1365987,-1
GSM1365988,-1
GSM1365989,-1
GSM1365990,-1
GSM1365991,-1
GSM1521544,-1
GSM1521545,-1
GSM1521546,-1
GSM1521548,-1
GSM1521553,-1
GSM1521555,-1
GSM1521558,-1
GSM1521560,-1
GSM1521567,-1
GSM1521579,-1
GSM1521581,-1
GSM1521582,-1
GSM1521583,-1
GSM1521585,-1
GSM1521587,-1
GSM1521588,-1
GSM1521589,-1
GSM1521590,-1
GSM1521595,-1
GSM1521596,-1
GSM1521598,-1
GSM1521599,-1
GSM1521600,-1
GSM1521605,-1
GSM1521606,-1
GSM1521608,-1
GSM1521610,-1
GSM1521611,-1
GSM1521613,-1
GSM1521614,-1
GSM1521616,-1
GSM1521617,-1
GSM1521618,-1
GSM1521619,-1
GSM1521622,-1
GSM1521623,-1
GSM1521624,-1
GSM1577755,-1
GSM1577756,-1
GSM1577757,-1
GSM1577758,-1
GSM1577759,-1
GSM1577760,-1
GSM1577761,-1
GSM1577762,-1
GSM1577763,-1
GSM1577764,-1
GSM1614656,-1
GSM1614657,-1
GSM1614658,-1
GSM1614659,-1
GSM1614660,-1
GSM1614661,-1
GSM1614662,-1
GSM1614663,-1
GSM1614664,-1
GSM1614665,-1
GSM1614666,-1
GSM1614667,-1
GSM1614668,-1
GSM1614669,-1
GSM1614670,-1
GSM1614672,-1
GSM1614674,-1
GSM1614675,-1
GSM1614677,-1
GSM1614678,-1
GSM1614680,-1
GSM1614681,-1
GSM1614683,-1
GSM1614684,-1
GSM1614685,-1
GSM1614690,-1
GSM1614691,-1
GSM1614692,-1
GSM1614694,-1
GSM1614695,-1
GSM1614696,-1
GSM1614697,-1
GSM1614698,-1
GSM1614699,-1
GSM1614702,-1
GSM1614703,-1
GSM1614704,-1
GSM1614705,-1
GSM1614706,-1
GSM1614707,-1
GSM1634281,-1
GSM1634291,-1
GSM1634292,-1
GSM1634294,-1
GSM1634297,-1
GSM1634299,-1
GSM1634300,-1
GSM1636668,-1
GSM1636669,-1
GSM1636672,-1
GSM1636677,-1
GSM1636682,-1
GSM1636683,-1
GSM1636684,-1
GSM1636688,-1
GSM1636690,-1
GSM1636691,-1
GSM1636693,-1
GSM1636694,-1
GSM1636695,-1
GSM1636700,-1
GSM1636702,-1
GSM1636703,-1
GSM1636705,-1
GSM1636706,-1
GSM1636714,-1
GSM1636726,-1
GSM1636731,-1
GSM1636732,-1
GSM1636735,-1
GSM1636743,-1
GSM1636744,-1
GSM1636746,-1
GSM1636747,-1
GSM1636748,-1
GSM1636750,-1
GSM1636751,-1
GSM1636752,-1
GSM1636753,-1
GSM1636754,-1
GSM1636756,-1
GSM1636758,-1
GSM1636762,-1
GSM1636764,-1
GSM1636766,-1
GSM1636767,-1
GSM1636768,-1
GSM1636771,-1
GSM1636775,-1
GSM1636786,-1
GSM1636790,-1
GSM1636793,-1
GSM1636795,-1
GSM1636796,-1
GSM1636801,-1
GSM1636803,-1
GSM1636806,-1
GSM1636810,-1
GSM1636813,-1
GSM1636816,-1
GSM1636818,-1
GSM1636819,-1
GSM1636821,-1
GSM1636823,-1
GSM1636825,-1
GSM1636827,-1
GSM1636829,-1
GSM1636830,-1
GSM1636831,-1
GSM1636835,-1
GSM1636838,-1
GSM1636839,-1
GSM1636841,-1
GSM1636842,-1
GSM1636843,-1
GSM1636845,-1
GSM1636847,-1
GSM1636848,-1
GSM1636850,-1
GSM1636856,-1
GSM1636857,-1
GSM1636858,-1
GSM1636861,-1
GSM1636863,-1
GSM1636865,-1
GSM1636866,-1
GSM1636871,-1
GSM1636873,-1
GSM1636874,-1
GSM1636878,-1
GSM1636879,-1
GSM1636884,-1
GSM1636887,-1
GSM1636888,-1
GSM1636891,-1
GSM1636895,-1
GSM1636898,-1
GSM1636899,-1
GSM1636900,-1
GSM1636906,-1
GSM1636909,-1
GSM1636910,-1
GSM1636912,-1
GSM1636915,-1
GSM1636916,-1
GSM1636919,-1
GSM1636920,-1
GSM1636922,-1
GSM1636924,-1
GSM1636925,-1
GSM2127425,-1
GSM2127426,-1
GSM2127428,-1
GSM2127429,-1
GSM2127430,-1
GSM2127432,-1
GSM2127433,-1
GSM2127434,-1
GSM2127436,-1
GSM2127437,-1
GSM2202559,-1
GSM2202562,-1
GSM2202564,-1
GSM2202565,-1
GSM2202566,-1
GSM2202567,-1
GSM2202568,-1
GSM2202569,-1
GSM2202570,-1
GSM2202571,-1
GSM2202572,-1
GSM2202573,-1
GSM2295909,-1
GSM2295910,-1
GSM2295911,-1
GSM2295912,-1
GSM2295913,-1
GSM2295915,-1
GSM2295916,-1
GSM2295917,-1
GSM2295918,-1
GSM2295919,-1
GSM2295920,-1
GSM2295921,-1
GSM2295922,-1
GSM2295923,-1
GSM2295924,-1
GSM2295925,-1
GSM2295926,-1
GSM2295927,-1
GSM2295928,-1
GSM2295929,-1
GSM2295930,-1
GSM2295931,-1
GSM2295932,-1
GSM2543687,-1
GSM2543712,-1
GSM2543777,-1
GSM2543847,-1
GSM2543851,-1
GSM2543867,-1
GSM2543878,-1
GSM2543882,-1
GSM2543883,-1
GSM2543917,-1
GSM2543918,-1
GSM2543924,-1
GSM2806985,-1
GSM2807001,-1
GSM2807003,-1
GSM2807027,-1
GSM2807029,-1
GSM2807031,-1
GSM2807033,-1
GSM2807037,-1
GSM2807039,-1
GSM2807042,-1
GSM2807043,-1
GSM2807046,-1
GSM2807048,-1
GSM2807074,-1
GSM2807075,-1
GSM2807077,-1
GSM2807078,-1
GSM2807081,-1
GSM2807082,-1
GSM2807083,-1
GSM2807085,-1
GSM2807088,-1
GSM2807090,-1
GSM2807092,-1
GSM2807094,-1
GSM3025345,-1
GSM3025346,-1
GSM3025348,-1
GSM3025349,-1
GSM3025350,-1
GSM3025351,-1
GSM3025352,-1
GSM3025353,-1
GSM3025354,-1
GSM3025355,-1
GSM3025356,-1
GSM3025357,-1
GSM3025358,-1
GSM3025359,-1
GSM3186731,-1
GSM3186732,-1
GSM3186735,-1
GSM3186736,-1
GSM3186740,-1
GSM3186742,-1
GSM3186744,-1
GSM3186747,-1
GSM3206475,-1
GSM3206479,-1
GSM3206482,-1
GSM3206483,-1
GSM3206488,-1
GSM3206490,-1
GSM3206491,-1
GSM3206502,-1
GSM3206503,-1
GSM3206506,-1
GSM3206507,-1
GSM3206508,-1
GSM3206511,-1
GSM3206518,-1
GSM3206520,-1
GSM3206525,-1
GSM3206533,-1
GSM3206536,-1
GSM3206540,-1
GSM3206551,-1
GSM3206553,-1
GSM3206555,-1
GSM3206557,-1
GSM3206559,-1
GSM3206561,-1
GSM3206570,-1
GSM3206572,-1
GSM3206575,-1
GSM3206576,-1
GSM3206580,-1
GSM3206583,-1
GSM3206588,-1
GSM3206589,-1
GSM3206595,-1
GSM3206597,-1
GSM3206603,-1
GSM3206606,-1
GSM3206609,-1
GSM3206613,-1
GSM3206617,-1
GSM3206619,-1
GSM3206621,-1
GSM3206623,-1
GSM3206625,-1
GSM3206626,-1
GSM3206627,-1
GSM3206628,-1
GSM3206632,-1
GSM3206635,-1
GSM3206636,-1
GSM3206637,-1
GSM3206644,-1
GSM3206645,-1
GSM3206646,-1
GSM3206649,-1
GSM3206662,-1
GSM3206668,-1
GSM3206685,-1
GSM3206686,-1
GSM3206691,-1
GSM3206700,-1
GSM3206701,-1
GSM3206702,-1
GSM3206703,-1
GSM3206713,-1
GSM3206714,-1
GSM3206715,-1
GSM3206718,-1
GSM3206720,-1
GSM3206722,-1
GSM3206724,-1
GSM3206726,-1
GSM3206727,-1
GSM3206729,-1
GSM3206730,-1
GSM3206735,-1
GSM3206737,-1
GSM3206738,-1
GSM3206739,-1
GSM3206741,-1
GSM3206742,-1
GSM3206743,-1
GSM3206751,-1
GSM3206753,-1
GSM3206756,-1
GSM3206760,-1
GSM3206765,-1
GSM3206769,-1
GSM3206771,-1
GSM3206777,-1
GSM3206785,-1
GSM3206788,-1
GSM3206789,-1
GSM3206790,-1
GSM3206791,-1
GSM3206792,-1
GSM3206793,-1
GSM3206794,-1
GSM3206795,-1
GSM3206796,-1
GSM3206797,-1
GSM3206803,-1
GSM3206810,-1
GSM3206812,-1
GSM3206815,-1
GSM3206816,-1
GSM3206819,-1
GSM3206824,-1
GSM3206829,-1
GSM3206830,-1
GSM3206838,-1
GSM3206840,-1
GSM3206842,-1
GSM3206844,-1
GSM3206845,-1
GSM3206846,-1
GSM3206849,-1
GSM3206850,-1
GSM3206853,-1
GSM3206855,-1
GSM3206859,-1
GSM3206874,-1
GSM3206882,-1
GSM3206883,-1
GSM3206886,-1
GSM3206888,-1
GSM3206891,-1
GSM3206892,-1
GSM3206897,-1
GSM3206906,-1
GSM3206909,-1
GSM3206918,-1
GSM3206921,-1
GSM3206924,-1
GSM3206925,-1
GSM3206936,-1
GSM3401925,-1
GSM3401936,-1
GSM1538432,-1
GSM1538433,-1
GSM1538434,-1
GSM1538435,-1
GSM1538436,-1
GSM1538437,-1
GSM1712118,-1
GSM1712119,-1
GSM1712120,-1
GSM1712121,-1
GSM1712122,-1
GSM1712123,-1
GSM1712124,-1
GSM1712125,-1
GSM1712126,-1
GSM1712127,-1
GSM1712128,-1
GSM1712129,-1
GSM1712130,-1
GSM1712131,-1
GSM1712132,-1
GSM1712133,-1
GSM1712134,-1
GSM1712135,-1
GSM1712136,-1
GSM1712137,-1
GSM1712138,-1
GSM1712139,-1
GSM1712140,-1
GSM1712141,-1
GSM1712142,-1
GSM1712143,-1
GSM1712144,-1
GSM1712145,-1
GSM1712146,-1
GSM1712147,-1
GSM1864213,-1
GSM1864214,-1
GSM1864215,-1
GSM1864216,-1
GSM1864217,-1
GSM1864218,-1
GSM1864219,-1
GSM1864220,-1
GSM1864222,-1
GSM1864225,-1
GSM1864227,-1
GSM1864229,-1
GSM1864232,-1
GSM1864234,-1
GSM1864237,-1
GSM2127611,-1
GSM2127612,-1
GSM2127613,-1
GSM2127615,-1
GSM2131566,-1
GSM2131567,-1
GSM2131568,-1
GSM2131569,-1
GSM2131578,-1
GSM2131584,-1
GSM2131585,-1
GSM2131586,-1
GSM2131590,-1
GSM2131592,-1
GSM2131593,-1
GSM2131595,-1
GSM2131598,-1
GSM2131608,-1
GSM2139040,-1
GSM2139041,-1
GSM2139042,-1
GSM2139043,-1
GSM2139045,-1
GSM2139046,-1
GSM2139047,-1
GSM2139048,-1
GSM2139049,-1
GSM2139050,-1
GSM2139051,-1
GSM2139052,-1
GSM2139053,-1
GSM2139054,-1
GSM2139055,-1
GSM2139056,-1
GSM2139057,-1
GSM2139058,-1
GSM2139059,-1
GSM2139060,-1
GSM2139061,-1
GSM2139062,-1
GSM2139063,-1
GSM2152526,-1
GSM2152527,-1
GSM2152528,-1
GSM2152529,-1
GSM2152530,-1
GSM2152531,-1
GSM2152532,-1
GSM2152533,-1
GSM2152534,-1
GSM2152535,-1
GSM2152536,-1
GSM2152537,-1
GSM2152538,-1
GSM2152539,-1
GSM2152540,-1
GSM2152541,-1
GSM2154810,-1
GSM2154811,-1
GSM2154812,-1
GSM2154813,-1
GSM2154814,-1
GSM2154815,-1
GSM2154816,-1
GSM2154817,-1
GSM2154819,-1
GSM2154820,-1
GSM2154821,-1
GSM2175587,-1
GSM2175588,-1
GSM2175589,-1
GSM2175590,-1
GSM2175591,-1
GSM2175592,-1
GSM2175593,-1
GSM2175594,-1
GSM2175595,-1
GSM2175596,-1
GSM2175597,-1
GSM2175598,-1
GSM2299563,-1
GSM2299565,-1
GSM2299566,-1
GSM2299567,-1
GSM2299568,-1
GSM2299569,-1
GSM2299570,-1
GSM2299571,-1
GSM2393184,-1
GSM2393185,-1
GSM2393186,-1
GSM2393187,-1
GSM2393188,-1
GSM2393189,-1
GSM2393190,-1
GSM2393191,-1
GSM2393192,-1
GSM2393193,-1
GSM2393194,-1
GSM2393195,-1
GSM2482834,-1
GSM2482835,-1
GSM2482836,-1
GSM2482837,-1
GSM2482838,-1
GSM2482839,-1
GSM2482840,-1
GSM2482841,-1
GSM2507999,-1
GSM2508000,-1
GSM2559623,-1
GSM2559624,-1
GSM2559625,-1
GSM2559626,-1
GSM2559627,-1
GSM2559628,-1
GSM2559629,-1
GSM2559630,-1
GSM2559631,-1
GSM2559632,-1
GSM2559633,-1
GSM2559634,-1
GSM2559635,-1
GSM2559636,-1
GSM2559637,-1
GSM2559638,-1
GSM2627201,-1
GSM2627203,-1
GSM2627204,-1
GSM2627205,-1
GSM2627206,-1
GSM2627207,-1
GSM2627208,-1
GSM2627209,-1
GSM2627210,-1
GSM2627211,-1
GSM2627212,-1
GSM2627216,-1
GSM2627217,-1
GSM2649994,-1
GSM2650003,-1
GSM2650004,-1
GSM2650012,-1
GSM2650013,-1
GSM2650014,-1
GSM2650015,-1
GSM2650018,-1
GSM2650022,-1
GSM2705506,-1
GSM2705507,-1
GSM2705508,-1
GSM2705509,-1
GSM2757490,-1
GSM2757491,-1
GSM2757492,-1
GSM2757493,-1
GSM2757494,-1
GSM2757495,-1
GSM2757497,-1
GSM2757498,-1
GSM2757499,-1
GSM2757501,-1
GSM2757502,-1
GSM2757503,-1
GSM2757504,-1
GSM2757505,-1
GSM2757506,-1
GSM2784957,-1
GSM2784958,-1
GSM2784959,-1
GSM2784961,-1
GSM2784962,-1
GSM2784963,-1
GSM2784964,-1
GSM2784965,-1
GSM2784967,-1
GSM2784968,-1
GSM2784969,-1
GSM2784970,-1
GSM2817823,-1
GSM2817824,-1
GSM2817825,-1
GSM2817826,-1
GSM2817827,-1
GSM2817828,-1
GSM2817829,-1
GSM2817832,-1
GSM2817833,-1
GSM2817834,-1
GSM2817836,-1
GSM2817837,-1
GSM2817839,-1
GSM2817840,-1
GSM3028448,-1
GSM3028454,-1
GSM3028455,-1
GSM3028456,-1
GSM3028460,-1
GSM3028462,-1
GSM3028470,-1
GSM3028477,-1
GSM3052827,-1
GSM3052830,-1
GSM3052831,-1
GSM3052832,-1
GSM3052833,-1
GSM3052834,-1
GSM3052835,-1
GSM3052836,-1
GSM3052837,-1
GSM3052838,-1
GSM3321022,-1
GSM3321028,-1
GSM3321029,-1
GSM3321030,-1
GSM3321031,-1
GSM3321032,-1
GSM3321033,-1
GSM3321039,-1
GSM3321040,-1
GSM3321041,-1
GSM3321042,-1
GSM3321043,-1
GSM3321044,-1
GSM3321045,-1
GSM3321047,-1
GSM3321048,-1
GSM3321051,-1
GSM3321053,-1
GSM3321054,-1
GSM3321055,-1
GSM3321056,-1
GSM3321057,-1
GSM3330157,-1
GSM3330159,-1
GSM3330160,-1
GSM3330162,-1
GSM3330170,-1
GSM3330172,-1
GSM3330173,-1
GSM3330185,-1
GSM3330186,-1
GSM3330191,-1
GSM3330192,-1
GSM3407118,-1
GSM3407120,-1
GSM3407121,-1
GSM3407122,-1
GSM3407123,-1
GSM3407131,-1
GSM3407132,-1
GSM3407134,-1
GSM3409967,-1
GSM3409971,-1
GSM3409978,-1
GSM3409981,-1
GSM3409986,-1
GSM3409993,-1
GSM3409994,-1
GSM3409997,-1
GSM3410000,-1
GSM3410005,-1
GSM3410006,-1
GSM3410008,-1
GSM3410011,-1
GSM3410013,-1
GSM3410015,-1
GSM3410016,-1
GSM3410018,-1
GSM3410021,-1
GSM3410022,-1
GSM3410025,-1
GSM3410026,-1
GSM3410027,-1
GSM3410029,-1
GSM3410032,-1
GSM3410034,-1
GSM3410038,-1
GSM3410042,-1
GSM3410048,-1
GSM1177208,-1
GSM1177209,-1
GSM1177210,-1
GSM1177211,-1
GSM1177212,-1
GSM1177214,-1
GSM1177215,-1
GSM1177216,-1
GSM1177217,-1
GSM1177218,-1
GSM1177220,-1
GSM1177221,-1
GSM1185125,-1
GSM1185127,-1
GSM1185128,-1
GSM1185130,-1
GSM1185131,-1
GSM1185132,-1
GSM1185133,-1
GSM1185134,-1
GSM1185135,-1
GSM1185136,-1
GSM1185137,-1
GSM1185138,-1
GSM1185139,-1
GSM1185140,-1
GSM1185141,-1
GSM1185142,-1
GSM1185143,-1
GSM1185144,-1
GSM1185145,-1
GSM1185147,-1
GSM1185149,-1
GSM1185150,-1
GSM1185152,-1
GSM1185153,-1
GSM1185154,-1
GSM1185155,-1
GSM1185156,-1
GSM1185157,-1
GSM1185158,-1
GSM1185159,-1
GSM1185160,-1
GSM1234521,-1
GSM1234522,-1
GSM1234523,-1
GSM1234524,-1
GSM1234525,-1
GSM1234526,-1
GSM1234527,-1
GSM1234528,-1
GSM1234529,-1
GSM1234530,-1
GSM1234531,-1
GSM1234532,-1
GSM1692714,0
GSM1692715,0
GSM1692716,0
GSM1692717,0
GSM1692718,0
GSM1692719,0
GSM1692720,0
GSM1692721,0
GSM1692722,0
GSM1692723,0
GSM2229892,0
GSM2229894,0
GSM2229896,0
GSM2229898,0
GSM2229900,0
GSM2229901,0
GSM2229902,0
GSM2229903,0
GSM2229910,0
GSM2229912,0
GSM2229918,0
GSM2229919,0
GSM2229928,0
GSM2229934,0
GSM2229936,0
GSM2229942,0
GSM2229944,0
GSM2229950,0
GSM2229952,0
GSM2229954,0
GSM2229956,0
GSM2310204,0
GSM2310205,0
GSM2310206,0
GSM2310207,0
GSM2310208,0
GSM2310209,0
GSM2310210,0
GSM2310211,0
GSM2310212,0
GSM2310213,0
GSM2310214,0
GSM2310215,0
GSM2310216,0
GSM2310217,0
GSM2310219,0
GSM2310221,0
GSM2310222,0
GSM2310223,0
GSM2310224,0
GSM2310225,0
GSM2310226,0
GSM2310227,0
GSM2310228,0
GSM2310229,0
GSM2310230,0
GSM2310231,0
GSM2344517,0
GSM2344518,0
GSM2344519,0
GSM2344520,0
GSM2344521,0
GSM2344522,0
GSM2344523,0
GSM2344524,0
GSM2640755,0
GSM2640756,0
GSM2640757,0
GSM2640758,0
GSM2640759,0
GSM2640760,0
GSM2640761,0
GSM2640763,0
GSM2640764,0
GSM2640765,0
GSM2640766,0
GSM2640768,0
GSM2640769,0
GSM2640771,0
GSM2640772,0
GSM2640774,0
GSM1396721,-1
GSM1396722,-1
GSM1396723,-1
GSM1396724,-1
GSM1396725,-1
GSM1396726,-1
GSM1396727,-1
GSM1396728,-1
GSM1396729,-1
GSM1396733,-1
GSM1396734,-1
GSM1396735,-1
GSM1396736,-1
GSM1396737,-1
GSM1396749,-1
GSM1599881,-1
GSM1599882,-1
GSM1599883,-1
GSM1599884,-1
GSM1599885,-1
GSM1599886,-1
GSM1599887,-1
GSM1599888,-1
GSM1599889,-1
GSM1599890,-1
GSM1599891,-1
GSM1599892,-1
GSM1599893,-1
GSM1599894,-1
GSM1599895,-1
GSM1599896,-1
GSM1599897,-1
GSM1599898,-1
GSM1599899,-1
GSM1599900,-1
GSM1599901,-1
GSM1599902,-1
GSM1599903,-1
GSM1599904,-1
GSM1599905,-1
GSM1599906,-1
GSM1599907,-1
GSM1599908,-1
GSM1599909,-1
GSM1599910,-1
GSM1599911,-1
GSM1599912,-1
GSM1599913,-1
GSM1599914,-1
GSM1599915,-1
GSM1599916,-1
GSM1599917,-1
GSM1599918,-1
GSM1599919,-1
GSM1599920,-1
GSM1599921,-1
GSM1599922,-1
GSM1599923,-1
GSM1599924,-1
GSM1808042,-1
GSM1808043,-1
GSM1808044,-1
GSM1808046,-1
GSM1808047,-1
GSM1808048,-1
GSM1808049,-1
GSM1808050,-1
GSM1808051,-1
GSM1808052,-1
GSM1808053,-1
GSM1808054,-1
GSM1808055,-1
GSM1808056,-1
GSM1808057,-1
GSM1808058,-1
GSM1808059,-1
GSM1808060,-1
GSM1808061,-1
GSM1808062,-1
GSM1808063,-1
GSM1808064,-1
GSM1808065,-1
GSM1808066,-1
GSM1986828,-1
GSM1986829,-1
GSM1986830,-1
GSM1986831,-1
GSM1986832,-1
GSM1986833,-1
GSM1986834,-1
GSM1986835,-1
GSM1986836,-1
GSM1986837,-1
GSM1986838,-1
GSM1986839,-1
GSM1986840,-1
GSM1986841,-1
GSM1986842,-1
GSM1986843,-1
GSM1986844,-1
GSM1986846,-1
GSM1986847,-1
GSM1986848,-1
GSM1986849,-1
GSM1986850,-1
GSM1986851,-1
GSM1986852,-1
GSM2311124,-1
GSM2311125,-1
GSM2311126,-1
GSM2311128,-1
GSM2311129,-1
GSM2311130,-1
GSM2311131,-1
GSM2311132,-1
GSM2311133,-1
GSM2311134,-1
GSM2311135,-1
GSM2311136,-1
GSM2311137,-1
GSM2311138,-1
GSM2311139,-1
GSM2311140,-1
GSM2311141,-1
GSM2311142,-1
GSM2311143,-1
GSM2311144,-1
GSM2311145,-1
GSM2311146,-1
GSM2311147,-1
GSM2311148,-1
GSM2331195,-1
GSM2331196,-1
GSM2331197,-1
GSM2331198,-1
GSM2331199,-1
GSM2331200,-1
GSM2331201,-1
GSM2331202,-1
GSM2331203,-1
GSM2331204,-1
GSM2331206,-1
GSM2331209,-1
GSM2331210,-1
GSM2331211,-1
GSM2331214,-1
GSM2331215,-1
GSM2331216,-1
GSM2331217,-1
GSM2331218,-1
GSM2331219,-1
GSM2331221,-1
GSM2331222,-1
GSM2331224,-1
GSM2331225,-1
GSM2331226,-1
GSM2331227,-1
GSM2331228,-1
GSM2331229,-1
GSM2331230,-1
GSM2331231,-1
GSM2331232,-1
GSM2331233,-1
GSM2331234,-1
GSM2331236,-1
GSM2520157,-1
GSM2520158,-1
GSM2520159,-1
GSM2520160,-1
GSM2520162,-1
GSM2520163,-1
GSM2520164,-1
GSM2520165,-1
GSM2520166,-1
GSM2520167,-1
GSM2520168,-1
GSM2520169,-1
GSM2520170,-1
GSM2520171,-1
GSM2520172,-1
GSM2520173,-1
GSM2520175,-1
GSM2520176,-1
GSM2520177,-1
GSM2520178,-1
GSM2520179,-1
GSM2520181,-1
GSM2520184,-1
GSM2520185,-1
GSM2520186,-1
GSM2520187,-1
GSM2520189,-1
GSM2520190,-1
GSM2520191,-1
GSM2520192,-1
GSM2520193,-1
GSM2520195,-1
GSM2520196,-1
GSM2520197,-1
GSM2520198,-1
GSM2520200,-1
GSM2520202,-1
GSM2520204,-1
GSM2520205,-1
GSM2520206,-1
GSM2520207,-1
GSM2520208,-1
GSM2520209,-1
GSM2520211,-1
GSM2520212,-1
GSM2520213,-1
GSM2520216,-1
GSM2520217,-1
GSM2520218,-1
GSM2520219,-1
GSM2520220,-1
GSM2520221,-1
GSM2520223,-1
GSM2520224,-1
GSM2520225,-1
GSM2520226,-1
GSM2520227,-1
GSM2520229,-1
GSM2520230,-1
GSM2520231,-1
GSM2520232,-1
GSM2520234,-1
GSM2520235,-1
GSM2520236,-1
GSM2520237,-1
GSM2520238,-1
GSM2520239,-1
GSM2520242,-1
GSM2520243,-1
GSM2520245,-1
GSM2520246,-1
GSM2520247,-1
GSM2520248,-1
GSM2520249,-1
GSM2520250,-1
GSM2520251,-1
GSM2520252,-1
GSM2520253,-1
GSM2520254,-1
GSM2520258,-1
GSM2520259,-1
GSM2520260,-1
GSM2520261,-1
GSM2520263,-1
GSM2520264,-1
GSM2520265,-1
GSM2520267,-1
GSM2520268,-1
GSM2520269,-1
GSM2520270,-1
GSM2520271,-1
GSM2520272,-1
GSM2520273,-1
GSM2520274,-1
GSM2520275,-1
GSM2520278,-1
GSM2520279,-1
GSM2520280,-1
GSM2520281,-1
GSM2520282,-1
GSM2520283,-1
GSM2520285,-1
GSM2520286,-1
GSM2520288,-1
GSM2520290,-1
GSM2520291,-1
GSM2520294,-1
GSM2520295,-1
GSM2520296,-1
GSM2520299,-1
GSM2520302,-1
GSM2520303,-1
GSM2520305,-1
GSM2520307,-1
GSM2520309,-1
GSM2520310,-1
GSM2520311,-1
GSM2520313,-1
GSM2520315,-1
GSM2520319,-1
GSM2520320,-1
GSM2520321,-1
GSM2520323,-1
GSM2520324,-1
GSM2520325,-1
GSM2520326,-1
GSM2520327,-1
GSM2520328,-1
GSM2520329,-1
GSM2520330,-1
GSM2520331,-1
GSM2520334,-1
GSM2520335,-1
GSM2520337,-1
GSM2520338,-1
GSM2520339,-1
GSM2520340,-1
GSM2520341,-1
GSM2520342,-1
GSM2520343,-1
GSM2520345,-1
GSM2520346,-1
GSM2520348,-1
GSM2520349,-1
GSM2520350,-1
GSM2520351,-1
GSM2520352,-1
GSM2520353,-1
GSM2520355,-1
GSM2520356,-1
GSM2520357,-1
GSM2520358,-1
GSM2520359,-1
GSM2520361,-1
GSM2520362,-1
GSM2520363,-1
GSM2520364,-1
GSM2520365,-1
GSM2520368,-1
GSM2520370,-1
GSM2520373,-1
GSM2520374,-1
GSM2520376,-1
GSM2520377,-1
GSM2520378,-1
GSM2520379,-1
GSM2520380,-1
GSM2520381,-1
GSM2520383,-1
GSM2520384,-1
GSM2520385,-1
GSM2520387,-1
GSM2520388,-1
GSM2520390,-1
GSM2520391,-1
GSM2520392,-1
GSM2520393,-1
GSM2520394,-1
GSM2520395,-1
GSM2520397,-1
GSM2520402,-1
GSM2520403,-1
GSM2520405,-1
GSM2520407,-1
GSM2520408,-1
GSM2520409,-1
GSM2520410,-1
GSM2520412,-1
GSM2520413,-1
GSM2520416,-1
GSM2520417,-1
GSM2520418,-1
GSM2520419,-1
GSM2520420,-1
GSM2520421,-1
GSM2520422,-1
GSM2520423,-1
GSM2520424,-1
GSM2520426,-1
GSM2520428,-1
GSM2520429,-1
GSM2520430,-1
GSM2520431,-1
GSM2520432,-1
GSM2520433,-1
GSM2520434,-1
GSM2520435,-1
GSM2520436,-1
GSM2520437,-1
GSM2520438,-1
GSM2520439,-1
GSM2520441,-1
GSM2520442,-1
GSM2520443,-1
GSM2520445,-1
GSM2520446,-1
GSM2520447,-1
GSM2520449,-1
GSM2520450,-1
GSM2520451,-1
GSM2520452,-1
GSM2520453,-1
GSM2520454,-1
GSM2520455,-1
GSM2520456,-1
GSM2520457,-1
GSM2520458,-1
GSM2520459,-1
GSM2520461,-1
GSM2520463,-1
GSM2520464,-1
GSM2520466,-1
GSM2520467,-1
GSM2520468,-1
GSM2520469,-1
GSM2520470,-1
GSM2520472,-1
GSM2520473,-1
GSM2520474,-1
GSM2520475,-1
GSM2520476,-1
GSM2520477,-1
GSM2520480,-1
GSM2520481,-1
GSM2520482,-1
GSM2520483,-1
GSM2520484,-1
GSM2520485,-1
GSM2520486,-1
GSM2520487,-1
GSM2520488,-1
GSM2520489,-1
GSM2520490,-1
GSM2520491,-1
GSM2520492,-1
GSM2520493,-1
GSM2520494,-1
GSM2520496,-1
GSM2520497,-1
GSM2520498,-1
GSM2520499,-1
GSM2520500,-1
GSM2520501,-1
GSM2520502,-1
GSM2520503,-1
GSM2520504,-1
GSM2520505,-1
GSM2520506,-1
GSM2520508,-1
GSM2520509,-1
GSM2520510,-1
GSM2520511,-1
GSM2520512,-1
GSM2520513,-1
GSM2520515,-1
GSM2520516,-1
GSM2520517,-1
GSM2520519,-1
GSM2520520,-1
GSM2520521,-1
GSM2520522,-1
GSM2520523,-1
GSM2520524,-1
GSM2520525,-1
GSM2520526,-1
GSM2520527,-1
GSM2520528,-1
GSM2520529,-1
GSM2520530,-1
GSM2520532,-1
GSM2520534,-1
GSM2520535,-1
GSM2520536,-1
GSM2520537,-1
GSM2520538,-1
GSM1128650,-1
GSM1128651,-1
GSM1244809,-1
GSM1244810,-1
GSM1244811,-1
GSM1244812,-1
GSM1244813,-1
GSM1244814,-1
GSM1244815,-1
GSM1244816,-1
GSM1244817,-1
GSM1244818,-1
GSM1244819,-1
GSM1244820,-1
GSM1244821,-1
GSM1244822,-1
GSM1257869,-1
GSM1257870,-1
GSM1257871,-1
GSM1257872,-1
GSM1257874,-1
GSM1257875,-1
GSM1257876,-1
GSM1257877,-1
GSM1257878,-1
GSM1257879,-1
GSM1294967,-1
GSM1294968,-1
GSM1294969,-1
GSM1294970,-1
GSM1294971,-1
GSM1294972,-1
GSM1294981,-1
GSM1294982,-1
GSM1294983,-1
GSM1294984,-1
GSM1294985,-1
GSM1294986,-1
GSM1294987,-1
GSM1294988,-1
GSM1331310,-1
GSM1331311,-1
GSM1331312,-1
GSM1331313,-1
GSM1331314,-1
GSM1331315,-1
GSM1331316,-1
GSM1331317,-1
GSM1331318,-1
GSM1348541,-1
GSM1348542,-1
GSM1348543,-1
GSM1348544,-1
GSM1348545,-1
GSM1348546,-1
GSM1348547,-1
GSM1348548,-1
GSM1348549,-1
GSM1348550,-1
GSM1348551,-1
GSM1348552,-1
GSM1354552,-1
GSM1354553,-1
GSM1354554,-1
GSM1354555,-1
GSM1354556,-1
GSM1354557,-1
GSM1354558,-1
GSM1354559,-1
GSM1354560,-1
GSM1354561,-1
GSM1354562,-1
GSM1354563,-1
GSM1354564,-1
GSM1354565,-1
GSM1354566,-1
GSM1354567,-1
GSM1354568,-1
GSM1354569,-1
GSM1354570,-1
GSM1354571,-1
GSM1354572,-1
GSM1354573,-1
GSM1354574,-1
GSM1354575,-1
GSM1354576,-1
GSM1354577,-1
GSM1354578,-1
GSM1354579,-1
GSM1354580,-1
GSM1354581,-1
GSM1643964,-1
GSM1643965,-1
GSM1643966,-1
GSM1643967,-1
GSM1643968,-1
GSM1643969,-1
GSM1643970,-1
GSM1643972,-1
GSM1643973,-1
GSM1643978,-1
GSM1643979,-1
GSM1900330,-1
GSM1900331,-1
GSM1900332,-1
GSM1900333,-1
GSM1900334,-1
GSM1900335,-1
GSM1900336,-1
GSM1900337,-1
GSM1900338,-1
GSM1900339,-1
GSM1900340,-1
GSM1900341,-1
GSM1900342,-1
GSM1900343,-1
GSM1900344,-1
GSM1900345,-1
GSM1900346,-1
GSM1900347,-1
GSM1900348,-1
GSM1900349,-1
GSM1900350,-1
GSM1900351,-1
GSM1900352,-1
GSM1900353,-1
GSM2027256,-1
GSM2027257,-1
GSM2027258,-1
GSM2027259,-1
GSM2027260,-1
GSM2027261,-1
GSM2027262,-1
GSM2027263,-1
GSM2027264,-1
GSM2068643,-1
GSM2068644,-1
GSM2068645,-1
GSM2068646,-1
GSM2068647,-1
GSM2068648,-1
GSM2068649,-1
GSM2068650,-1
GSM2068651,-1
GSM2068652,-1
GSM2068653,-1
GSM2068654,-1
GSM2068655,-1
GSM2068656,-1
GSM2068657,-1
GSM2068658,-1
GSM2068659,-1
GSM2068660,-1
GSM2068661,-1
GSM2068662,-1
GSM2068663,-1
GSM2068664,-1
GSM2068665,-1
GSM2068666,-1
GSM2068667,-1
GSM2068668,-1
GSM2068669,-1
GSM2068670,-1
GSM2068671,-1
GSM2068672,-1
GSM2071226,-1
GSM2071227,-1
GSM2071228,-1
GSM2071229,-1
GSM2071230,-1
GSM2071231,-1
GSM2071232,-1
GSM2071233,-1
GSM2071234,-1
GSM2071235,-1
GSM2071236,-1
GSM2071846,-1
GSM2071847,-1
GSM2071848,-1
GSM2071849,-1
GSM2071850,-1
GSM2071851,-1
GSM2071852,-1
GSM2071853,-1
GSM2071854,-1
GSM2071855,-1
GSM2071857,-1
GSM2071859,-1
GSM2071860,-1
GSM2071861,-1
GSM2071862,-1
GSM2071863,-1
GSM2071864,-1
GSM2071865,-1
GSM2071867,-1
GSM2071868,-1
GSM2071869,-1
GSM2071870,-1
GSM2071871,-1
GSM2071872,-1
GSM2095927,-1
GSM2095928,-1
GSM2095929,-1
GSM2095930,-1
GSM2095931,-1
GSM2095933,-1
GSM2095934,-1
GSM2095935,-1
GSM2095936,-1
GSM2095938,-1
GSM2095939,-1
GSM2095949,-1
GSM2095953,-1
GSM2095957,-1
GSM2095962,-1
GSM2095967,-1
GSM2095969,-1
GSM2095970,-1
GSM2095972,-1
GSM2098726,-1
GSM2098727,-1
GSM2098728,-1
GSM2098731,-1
GSM2098732,-1
GSM2098734,-1
GSM2098735,-1
GSM2098736,-1
GSM2098738,-1
GSM2098739,-1
GSM2098740,-1
GSM2098741,-1
GSM2098742,-1
GSM2098743,-1
GSM2098744,-1
GSM2098745,-1
GSM2098746,-1
GSM2098747,-1
GSM2098748,-1
GSM2098749,-1
GSM2098752,-1
GSM2098753,-1
GSM2098754,-1
GSM2098755,-1
GSM2098756,-1
GSM2098757,-1
GSM2130384,-1
GSM2130385,-1
GSM2130386,-1
GSM2130387,-1
GSM2130388,-1
GSM2130389,-1
GSM2130390,-1
GSM2130392,-1
GSM2130393,-1
GSM2130394,-1
GSM2130395,-1
GSM2130396,-1
GSM2130398,-1
GSM2130399,-1
GSM2130400,-1
GSM2159807,-1
GSM2159808,-1
GSM2159809,-1
GSM2159810,-1
GSM2159811,-1
GSM2159812,-1
GSM2159813,-1
GSM2159814,-1
GSM2159815,-1
GSM2300033,-1
GSM2300034,-1
GSM2300035,-1
GSM2300036,-1
GSM2300037,-1
GSM2300038,-1
GSM2300039,-1
GSM2300040,-1
GSM2300041,-1
GSM2300042,-1
GSM2300043,-1
GSM2305321,-1
GSM2305322,-1
GSM2305323,-1
GSM2305324,-1
GSM2305325,-1
GSM2305326,-1
GSM2305327,-1
GSM2305328,-1
GSM2305329,-1
GSM2305330,-1
GSM2476757,-1
GSM2476758,-1
GSM2476759,-1
GSM2476760,-1
GSM2476761,-1
GSM2476762,-1
GSM2476763,-1
GSM2476764,-1
GSM2476765,-1
GSM2476766,-1
GSM2476767,-1
GSM2476768,-1
GSM2476769,-1
GSM2476770,-1
GSM2476771,-1
GSM2476772,-1
GSM2476773,-1
GSM2476774,-1
GSM2476775,-1
GSM2476776,-1
GSM2476777,-1
GSM2476779,-1
GSM2476780,-1
GSM2476781,-1
GSM2476782,-1
GSM2476783,-1
GSM2476784,-1
GSM2476785,-1
GSM2476786,-1
GSM2476787,-1
GSM2476788,-1
GSM2476789,-1
GSM2476790,-1
GSM2476791,-1
GSM2476792,-1
GSM2476793,-1
GSM2476794,-1
GSM2476795,-1
GSM2476797,-1
GSM2476798,-1
GSM2476799,-1
GSM2476800,-1
GSM2476801,-1
GSM2476802,-1
GSM2476803,-1
GSM2476804,-1
GSM2476805,-1
GSM2476806,-1
GSM2476807,-1
GSM2476808,-1
GSM2476809,-1
GSM2476810,-1
GSM2501535,-1
GSM2501536,-1
GSM2501537,-1
GSM2501541,-1
GSM2501542,-1
GSM2501543,-1
GSM2648904,-1
GSM2648905,-1
GSM2648906,-1
GSM2648907,-1
GSM2648908,-1
GSM2648909,-1
GSM2648910,-1
GSM2648911,-1
GSM2648912,-1
GSM2648913,-1
GSM2677891,-1
GSM2677896,-1
GSM2677899,-1
GSM2677903,-1
GSM2677908,-1
GSM2741788,-1
GSM2741789,-1
GSM2741790,-1
GSM2741791,-1
GSM2741795,-1
GSM2741796,-1
GSM2741797,-1
GSM2741798,-1
GSM2741799,-1
GSM2741800,-1
GSM2741801,-1
GSM2741803,-1
GSM2741804,-1
GSM2809182,-1
GSM2809183,-1
GSM2809184,-1
GSM2809185,-1
GSM2809186,-1
GSM2809188,-1
GSM2809190,-1
GSM2809192,-1
GSM2809193,-1
GSM2809194,-1
GSM2809197,-1
GSM2809199,-1
GSM2809203,-1
GSM2809204,-1
GSM2813134,-1
GSM2813136,-1
GSM2813137,-1
GSM2813138,-1
GSM2813140,-1
GSM2813141,-1
GSM2813142,-1
GSM2813143,-1
GSM2813144,-1
GSM2813146,-1
GSM2813147,-1
GSM2813154,-1
GSM2813156,-1
GSM2813157,-1
GSM2813158,-1
GSM2813159,-1
GSM2813160,-1
GSM2813169,-1
GSM2813171,-1
GSM2813177,-1
GSM2813188,-1
GSM2813196,-1
GSM2813197,-1
GSM2845505,-1
GSM2845508,-1
GSM2845509,-1
GSM2845510,-1
GSM2845512,-1
GSM2845513,-1
GSM2845514,-1
GSM2845515,-1
GSM2845517,-1
GSM2845519,-1
GSM2845520,-1
GSM2845521,-1
GSM2845522,-1
GSM2871734,-1
GSM2871735,-1
GSM2871736,-1
GSM2871737,-1
GSM2871739,-1
GSM2871743,-1
GSM2871745,-1
GSM2871746,-1
GSM2871748,-1
GSM2871749,-1
GSM2871750,-1
GSM3184909,-1
GSM3184910,-1
GSM3184911,-1
GSM3184912,-1
GSM3184913,-1
GSM3184914,-1
GSM3184915,-1
GSM3184916,-1
GSM3184917,-1
GSM3184918,-1
GSM3329952,-1
GSM3329953,-1
GSM3329954,-1
GSM3329956,-1
GSM1540966,-1
GSM1540967,-1
GSM1540968,-1
GSM1540969,-1
GSM1540970,-1
GSM1540971,-1
GSM1540972,-1
GSM1540974,-1
GSM1540975,-1
GSM1826774,-1
GSM1826775,-1
GSM1826776,-1
GSM1826777,-1
GSM1826778,-1
GSM1826779,-1
GSM1826780,-1
GSM1826781,-1
GSM1826782,-1
GSM1826783,-1
GSM1826784,-1
GSM1826785,-1
GSM2041389,-1
GSM2041390,-1
GSM2041393,-1
GSM2041394,-1
GSM2041395,-1
GSM2041396,-1
GSM2041397,-1
GSM2041398,-1
GSM2041399,-1
GSM2041400,-1
GSM2041403,-1
GSM2041404,-1
GSM2041407,-1
GSM2041408,-1
GSM2047243,-1
GSM2047244,-1
GSM2047245,-1
GSM2047246,-1
GSM2047247,-1
GSM2047250,-1
GSM2047251,-1
GSM2047252,-1
GSM2047253,-1
GSM2047254,-1
GSM2059217,-1
GSM2059219,-1
GSM2059220,-1
GSM2059221,-1
GSM2059222,-1
GSM2059223,-1
GSM2059224,-1
GSM2059225,-1
GSM2059226,-1
GSM2059227,-1
GSM2064463,-1
GSM2064464,-1
GSM2064465,-1
GSM2064466,-1
GSM2064467,-1
GSM2064468,-1
GSM2064469,-1
GSM2064470,-1
GSM2064471,-1
GSM2064472,-1
GSM2064473,-1
GSM2064474,-1
GSM2154754,-1
GSM2154756,-1
GSM2154757,-1
GSM2154758,-1
GSM2154759,-1
GSM2154760,-1
GSM2154761,-1
GSM2154762,-1
GSM2154763,-1
GSM2154764,-1
GSM2154765,-1
GSM2154766,-1
GSM2154767,-1
GSM2183617,-1
GSM2183618,-1
GSM2183619,-1
GSM2183620,-1
GSM2183621,-1
GSM2183622,-1
GSM2183623,-1
GSM2183624,-1
GSM2256085,-1
GSM2256086,-1
GSM2256088,-1
GSM2256089,-1
GSM2256090,-1
GSM2256092,-1
GSM2256093,-1
GSM2256094,-1
GSM2256095,-1
GSM2256096,-1
GSM2256097,-1
GSM2256099,-1
GSM2256100,-1
GSM2256101,-1
GSM2256103,-1
GSM2256105,-1
GSM2256120,-1
GSM2256172,-1
GSM2256173,-1
GSM2256174,-1
GSM2256175,-1
GSM2295861,-1
GSM2295862,-1
GSM2295863,-1
GSM2295864,-1
GSM2295865,-1
GSM2295866,-1
GSM2295867,-1
GSM2295868,-1
GSM2295869,-1
GSM2295870,-1
GSM2295871,-1
GSM2295872,-1
GSM2295873,-1
GSM2295874,-1
GSM2295875,-1
GSM2295876,-1
GSM2295877,-1
GSM2295878,-1
GSM2295879,-1
GSM2295880,-1
GSM2295881,-1
GSM2295882,-1
GSM2295883,-1
GSM2295884,-1
GSM2295885,-1
GSM2295886,-1
GSM2295887,-1
GSM2295888,-1
GSM2295890,-1
GSM2295891,-1
GSM2295892,-1
GSM2295893,-1
GSM2300443,-1
GSM2300445,-1
GSM2481526,-1
GSM2481527,-1
GSM2481528,-1
GSM2481529,-1
GSM2481530,-1
GSM2481531,-1
GSM2500290,-1
GSM2500292,-1
GSM2500295,-1
GSM2500297,-1
GSM2500299,-1
GSM2500304,-1
GSM2500305,-1
GSM2500306,-1
GSM2500308,-1
GSM2500309,-1
GSM2500311,-1
GSM2695277,-1
GSM2695278,-1
GSM2695279,-1
GSM2695280,-1
GSM2695281,-1
GSM2695282,-1
GSM2695283,-1
GSM2695284,-1
GSM2695285,-1
GSM2695286,-1
GSM2695287,-1
GSM2695288,-1
GSM2695289,-1
GSM2695290,-1
GSM2695291,-1
GSM2695292,-1
GSM2695293,-1
GSM2695294,-1
GSM2695295,-1
GSM2695296,-1
GSM2695297,-1
GSM2695298,-1
GSM2695299,-1
GSM2695300,-1
GSM2795186,-1
GSM2795187,-1
GSM2795188,-1
GSM2795189,-1
GSM2795191,-1
GSM2795192,-1
GSM2795193,-1
GSM2795194,-1
GSM2795197,-1
GSM2795198,-1
GSM2795199,-1
GSM2795201,-1
GSM2795204,-1
GSM2795208,-1
GSM2787806,-1
GSM2787807,-1
GSM2787808,-1
GSM2787809,-1
GSM2787810,-1
GSM2787811,-1
GSM2787812,-1
GSM2787813,-1
GSM2787814,-1
GSM2787815,-1
GSM2787816,-1
GSM2787817,-1
GSM2787818,-1
GSM2787819,-1
GSM2787820,-1
GSM2787821,-1
GSM2787822,-1
GSM2787823,-1
GSM2787824,-1
GSM2787825,-1
GSM2787826,-1
GSM2787828,-1
GSM2787829,-1
GSM3290679,-1
GSM3290682,-1
GSM3290683,-1
GSM3290688,-1
GSM3290689,-1
GSM3290692,-1
GSM3290693,-1
GSM3290694,-1
GSM3290695,-1
GSM3290696,-1
GSM3290697,-1
GSM3290699,-1
GSM3290700,-1
GSM3290701,-1
GSM3290704,-1
GSM3290707,-1
GSM3290708,-1
GSM3290709,-1
GSM3290710,-1
GSM3290711,-1
GSM3290712,-1
GSM3290713,-1
GSM3290714,-1
GSM3290716,-1
GSM3290721,-1
GSM3290722,-1
GSM1098180,-1
GSM1098181,-1
GSM1098182,-1
GSM1098183,-1
GSM1098184,-1
GSM1098185,-1
GSM1098186,-1
GSM3347874,-1
GSM1098187,-1
GSM1098188,-1
GSM1098189,-1
GSM3347899,-1
GSM3347901,-1
GSM3437959,-1
GSM3437960,-1
GSM3437961,-1
GSM3437962,-1
GSM3437963,-1
GSM3437966,-1
GSM3437968,-1
GSM3437969,-1
GSM3437970,-1
GSM3437972,-1
GSM3437973,-1
GSM3437974,-1
GSM3437975,-1
GSM3437976,-1
GSM3437978,-1
GSM3437979,-1
GSM3437980,-1
GSM3437981,-1
GSM3437982,-1
GSM3437984,-1
GSM3437985,-1
GSM3437987,-1
GSM3437988,-1
GSM2251702,-1
GSM2251703,-1
GSM2251704,-1
GSM2251705,-1
GSM2251706,-1
GSM2251707,-1
GSM2251708,-1
GSM2251709,-1
GSM2251710,-1
GSM2562505,-1
GSM2562506,-1
GSM2562507,-1
GSM2562508,-1
GSM2562509,-1
GSM2562510,-1
GSM2562515,-1
GSM2562516,-1
GSM2562517,-1
GSM2562521,-1
GSM2562522,-1
GSM2562523,-1
GSM2562524,-1
GSM2562525,-1
GSM2562526,-1
GSM2562527,-1
GSM2562528,-1
GSM2562529,-1
GSM2562530,-1
GSM2562531,-1
GSM2562532,-1
GSM2562533,-1
GSM2562534,-1
GSM2562536,-1
GSM2562537,-1
GSM2562544,-1
GSM2562549,-1
GSM2562550,-1
GSM2562553,-1
GSM2562555,-1
GSM2562565,-1
GSM2562566,-1
GSM2562567,-1
GSM2562568,-1
GSM2562570,-1
GSM2562571,-1
GSM2562572,-1
GSM2562573,-1
GSM2562575,-1
GSM2562576,-1
GSM2562577,-1
GSM2562581,-1
GSM2562583,-1
GSM2562584,-1
GSM2562587,-1
GSM2562589,-1
GSM2562590,-1
GSM2562597,-1
GSM2562599,-1
GSM2562605,-1
GSM2562609,-1
GSM2562610,-1
GSM2562611,-1
GSM2562613,-1
GSM2562615,-1
GSM2562617,-1
GSM2562619,-1
GSM2562621,-1
GSM2562622,-1
GSM2562623,-1
GSM2562630,-1
GSM2562631,-1
GSM2562633,-1
GSM2562636,-1
GSM2562637,-1
GSM2562638,-1
GSM2562639,-1
GSM2562640,-1
GSM2562641,-1
GSM2562642,-1
GSM2562643,-1
GSM2562644,-1
GSM2562647,-1
GSM2562648,-1
GSM2562649,-1
GSM2562658,-1
GSM2562659,-1
GSM2562661,-1
GSM2562663,-1
GSM2562664,-1
GSM2562669,-1
GSM2562671,-1
GSM3067977,-1
GSM1126613,-1
GSM1126618,-1
GSM1126619,-1
GSM1126620,-1
GSM1126621,-1
GSM1126623,-1
GSM1126626,-1
GSM1126627,-1
GSM1126629,-1
GSM1126630,-1
GSM1126631,-1
GSM1126632,-1
GSM1126633,-1
GSM1126634,-1
GSM1126635,-1
GSM1126636,-1
GSM1126642,-1
GSM1126643,-1
GSM1126644,-1
GSM1126645,-1
GSM1126647,-1
GSM1126648,-1
GSM1126649,-1
GSM1126650,-1
GSM1126651,-1
GSM1427132,-1
GSM1427133,-1
GSM1427134,-1
GSM1427135,-1
GSM1427137,-1
GSM1427138,-1
GSM1427139,-1
GSM1427140,-1
GSM1427141,-1
GSM1427142,-1
GSM1427143,-1
GSM2183589,-1
GSM2183590,-1
GSM2183591,-1
GSM2183592,-1
GSM2183593,-1
GSM2183594,-1
GSM2183595,-1
GSM2183596,-1
GSM2183597,-1
GSM2183598,-1
GSM2183599,-1
GSM2183600,-1
GSM2205680,-1
GSM2205682,-1
GSM2205683,-1
GSM2334879,-1
GSM2334880,-1
GSM2334884,-1
GSM2334885,-1
GSM2334890,-1
GSM2334892,-1
GSM2334894,-1
GSM2334898,-1
GSM2334901,-1
GSM2334902,-1
GSM2334916,-1
GSM2334920,-1
GSM2334921,-1
GSM2334922,-1
GSM2410385,-1
GSM2410386,-1
GSM2410388,-1
GSM2410389,-1
GSM2410390,-1
GSM2410391,-1
GSM2410392,-1
GSM2410393,-1
GSM2410394,-1
GSM2410395,-1
GSM2410396,-1
GSM2410398,-1
GSM2410399,-1
GSM2410410,-1
GSM2410411,-1
GSM2410412,-1
GSM2532824,-1
GSM2532826,-1
GSM2532829,-1
GSM2532830,-1
GSM2532832,-1
GSM2532833,-1
GSM2532834,-1
GSM2532835,-1
GSM2532836,-1
GSM2532837,-1
GSM2532840,-1
GSM2532844,-1
GSM2532846,-1
GSM2532847,-1
GSM2532848,-1
GSM2532849,-1
GSM2532850,-1
GSM2532857,-1
GSM2717643,-1
GSM2717646,-1
GSM2717649,-1
GSM2717652,-1
GSM2717657,-1
GSM2717662,-1
GSM2717665,-1
GSM2717668,-1
GSM2717677,-1
GSM2717680,-1
GSM2717683,-1
GSM2717686,-1
GSM2717692,-1
GSM2766471,-1
GSM2766473,-1
GSM2766474,-1
GSM2766475,-1
GSM2766477,-1
GSM2766478,-1
GSM2766479,-1
GSM2766480,-1
GSM2766482,-1
GSM2766483,-1
GSM2766484,-1
GSM2766485,-1
GSM2766486,-1
GSM2766487,-1
GSM2766488,-1
GSM2766489,-1
GSM2766490,-1
GSM2766491,-1
GSM2766492,-1
GSM2766493,-1
GSM2766494,-1
GSM2766495,-1
GSM2766496,-1
GSM2766498,-1
GSM2766499,-1
GSM2766500,-1
GSM2766501,-1
GSM2766503,-1
GSM2766504,-1
GSM2766505,-1
GSM2766506,-1
GSM2766507,-1
GSM2766508,-1
GSM2766511,-1
GSM2766512,-1
GSM2766513,-1
GSM2766514,-1
GSM2766516,-1
GSM2766517,-1
GSM2779889,-1
GSM2779894,-1
GSM2779898,-1
GSM2807389,-1
GSM2807390,-1
GSM2807392,-1
GSM2807398,-1
GSM2807399,-1
GSM2807402,-1
GSM2807414,-1
GSM2807418,-1
GSM2807428,-1
GSM2807432,-1
GSM2807436,-1
GSM2807439,-1
GSM2807442,-1
GSM2807448,-1
GSM2807450,-1
GSM2932791,-1
GSM2932792,-1
GSM2932793,-1
GSM2932794,-1
GSM2932795,-1
GSM2932796,-1
GSM2932797,-1
GSM2932798,-1
GSM2932799,-1
GSM2932800,-1
GSM2932801,-1
GSM2932802,-1
GSM2973538,-1
GSM2973551,-1
GSM2973552,-1
GSM2973553,-1
GSM2973555,-1
GSM2973556,-1
GSM2973557,-1
GSM2973558,-1
GSM2973559,-1
GSM2973560,-1
GSM2973561,-1
GSM2973562,-1
GSM2973564,-1
GSM3154472,-1
GSM3154473,-1
GSM3154476,-1
GSM3154477,-1
GSM3154478,-1
GSM3154479,-1
GSM3154480,-1
GSM3154481,-1
GSM3154482,-1
GSM1228221,-1
GSM1228222,-1
GSM1228223,-1
GSM1228224,-1
GSM1228225,-1
GSM1228226,-1
GSM1228228,-1
GSM1228230,-1
GSM1228231,-1
GSM1228232,-1
GSM1228233,-1
GSM1228234,-1
GSM1228235,-1
GSM1228236,-1
GSM1228237,-1
GSM4037297,-1
GSM4037298,-1
GSM4037309,-1
GSM4037312,-1
GSM3369943,-1
GSM3369947,-1
GSM3369948,-1
GSM3369953,-1
GSM3369955,-1
GSM3369956,-1
GSM3369965,-1
GSM3369966,-1
GSM3369972,-1
GSM3428303,-1
GSM3428305,-1
GSM3428309,-1
GSM1519560,-1
GSM1519561,-1
GSM1519562,-1
GSM1519564,-1
GSM1519566,-1
GSM1519567,-1
GSM1519568,-1
GSM1519569,-1
GSM1519570,-1
GSM1519571,-1
GSM1716722,-1
GSM1716724,-1
GSM1716725,-1
GSM1716726,-1
GSM1716728,-1
GSM1716730,-1
GSM1716732,-1
GSM1716733,-1
GSM1716734,-1
GSM1716735,-1
GSM1716736,-1
GSM1716738,-1
GSM1716739,-1
GSM1826491,-1
GSM1826492,-1
GSM1826493,-1
GSM1826494,-1
GSM1826495,-1
GSM1826496,-1
GSM1826497,-1
GSM1826498,-1
GSM1826499,-1
GSM1826500,-1
GSM1826501,-1
GSM1826502,-1
GSM1922709,-1
GSM1922710,-1
GSM1922711,-1
GSM1922712,-1
GSM1922713,-1
GSM1922714,-1
GSM1922715,-1
GSM1922716,-1
GSM1922717,-1
GSM1922718,-1
GSM1922719,-1
GSM1922720,-1
GSM1922721,-1
GSM1922722,-1
GSM1922723,-1
GSM1922724,-1
GSM1922725,-1
GSM1922726,-1
GSM2190559,-1
GSM2190560,-1
GSM2190561,-1
GSM2190562,-1
GSM2190563,-1
GSM2190564,-1
GSM2190565,-1
GSM2190566,-1
GSM2190567,-1
GSM2190568,-1
GSM2190569,-1
GSM2190570,-1
GSM2190571,-1
GSM2190572,-1
GSM2193043,-1
GSM2193044,-1
GSM2193045,-1
GSM2193046,-1
GSM2193047,-1
GSM2193048,-1
GSM2193055,-1
GSM2193056,-1
GSM2193057,-1
GSM2193058,-1
GSM2193059,-1
GSM2193060,-1
GSM2193072,-1
GSM2193074,-1
GSM2193075,-1
GSM2193076,-1
GSM2474970,-1
GSM2474971,-1
GSM2474972,-1
GSM2474973,-1
GSM2474974,-1
GSM2474975,-1
GSM2474976,-1
GSM2474977,-1
GSM2474978,-1
GSM2474979,-1
GSM2474980,-1
GSM2474981,-1
GSM2474982,-1
GSM2474983,-1
GSM2474984,-1
GSM2474985,-1
GSM2474986,-1
GSM2474987,-1
GSM2474989,-1
GSM2474990,-1
GSM2474991,-1
GSM2474992,-1
GSM2474993,-1
GSM2474994,-1
GSM2474995,-1
GSM2474996,-1
GSM2474997,-1
GSM2474998,-1
GSM2474999,-1
GSM2475000,-1
GSM2475001,-1
GSM2475002,-1
GSM2475003,-1
GSM2475004,-1
GSM2475005,-1
GSM2475006,-1
GSM2475007,-1
GSM2475009,-1
GSM2475010,-1
GSM3223785,-1
GSM3223787,-1
GSM3223788,-1
GSM3223789,-1
GSM3223790,-1
GSM3223791,-1
GSM3223792,-1
GSM3223793,-1
GSM3223795,-1
GSM3223796,-1
GSM1551969,-1
GSM1551970,-1
GSM1551971,-1
GSM1551972,-1
GSM1551973,-1
GSM1551974,-1
GSM1551975,-1
GSM1551976,-1
GSM1551977,-1
GSM1551978,-1
GSM1551980,-1
GSM1551981,-1
GSM1551982,-1
GSM1616451,-1
GSM1616452,-1
GSM1616453,-1
GSM1616454,-1
GSM1616455,-1
GSM1616456,-1
GSM1616457,-1
GSM1616458,-1
GSM1616460,-1
GSM1616461,-1
GSM2130370,-1
GSM2130371,-1
GSM2130372,-1
GSM2130373,-1
GSM2130376,-1
GSM2130377,-1
GSM2130379,-1
GSM2130380,-1
GSM2130382,-1
GSM2130383,-1
GSM2509519,-1
GSM2509520,-1
GSM2509521,-1
GSM2509522,-1
GSM2509523,-1
GSM2509524,-1
GSM2509525,-1
GSM2509526,-1
GSM2509527,-1
GSM2509528,-1
GSM2509529,-1
GSM2509530,-1
GSM2509531,-1
GSM2509532,-1
GSM2509533,-1
GSM2509534,-1
GSM2509535,-1
GSM2509536,-1
GSM2509537,-1
GSM2509538,-1
GSM2509539,-1
GSM2509540,-1
GSM2509541,-1
GSM2509542,-1
GSM2516090,-1
GSM2516091,-1
GSM2516092,-1
GSM2516093,-1
GSM2516094,-1
GSM2516095,-1
GSM2516102,-1
GSM2516103,-1
GSM2516106,-1
GSM2516109,-1
GSM2516112,-1
GSM3004406,-1
GSM3004407,-1
GSM3004408,-1
GSM3004410,-1
GSM3004411,-1
GSM3004412,-1
GSM3004413,-1
GSM3004414,-1
GSM3004417,-1
GSM3004418,-1
GSM3004419,-1
GSM3004420,-1
GSM3004422,-1
GSM3004423,-1
GSM1239136,-1
GSM4044536,-1
GSM1239137,-1
GSM4044537,-1
GSM1239138,-1
GSM4044538,-1
GSM4044539,-1
GSM4044540,-1
GSM4044541,-1
GSM1239139,-1
GSM4044542,-1
GSM4044543,-1
GSM1239140,-1
GSM1239141,-1
GSM1239142,-1
GSM1239143,-1
GSM1239144,-1
GSM1300621,-1
GSM1300622,-1
GSM1300623,-1
GSM1300624,-1
GSM1300625,-1
GSM1300626,-1
GSM1300627,-1
GSM1300628,-1
GSM1300629,-1
GSM1300630,-1
GSM1300631,-1
GSM1300632,-1
GSM1300633,-1
GSM1300634,-1
GSM1300635,-1
GSM1401648,-1
GSM1401652,-1
GSM1401653,-1
GSM1401658,-1
GSM1401671,-1
GSM1401673,-1
GSM1401675,-1
GSM1401686,-1
GSM1401687,-1
GSM1401696,-1
GSM1401700,-1
GSM1401704,-1
GSM1401705,-1
GSM1401707,-1
GSM1401723,-1
GSM1401724,-1
GSM1401725,-1
GSM1401726,-1
GSM1401733,-1
GSM1401736,-1
GSM1401743,-1
GSM1401746,-1
GSM1401747,-1
GSM1401751,-1
GSM1401753,-1
GSM1401755,-1
GSM1401760,-1
GSM1401761,-1
GSM1401762,-1
GSM1401763,-1
GSM1401764,-1
GSM1401767,-1
GSM1401768,-1
GSM1401769,-1
GSM1401772,-1
GSM1401773,-1
GSM1401776,-1
GSM1401777,-1
GSM1401778,-1
GSM1401780,-1
GSM1401781,-1
GSM1401782,-1
GSM1401783,-1
GSM1401784,-1
GSM1401785,-1
GSM1401786,-1
GSM1401787,-1
GSM1401795,-1
GSM1401796,-1
GSM1401798,-1
GSM1401799,-1
GSM1401800,-1
GSM1401801,-1
GSM1401803,-1
GSM1401804,-1
GSM1401805,-1
GSM1401806,-1
GSM1401807,-1
GSM1401808,-1
GSM1401809,-1
GSM1401810,-1
GSM1401811,-1
GSM1401813,-1
GSM1401814,-1
GSM1401815,-1
GSM1556177,-1
GSM1556178,-1
GSM1556179,-1
GSM1556180,-1
GSM1556181,-1
GSM1556182,-1
GSM1556184,-1
GSM1556185,-1
GSM1556186,-1
GSM1642802,-1
GSM1642803,-1
GSM1642804,-1
GSM1642805,-1
GSM1642807,-1
GSM1642808,-1
GSM1642809,-1
GSM1642818,-1
GSM1642819,-1
GSM1642820,-1
GSM1695870,-1
GSM1695871,-1
GSM1695872,-1
GSM1695873,-1
GSM1695874,-1
GSM1695875,-1
GSM1695876,-1
GSM1695877,-1
GSM1695878,-1
GSM1695879,-1
GSM1695881,-1
GSM1695882,-1
GSM1695883,-1
GSM1695886,-1
GSM1695889,-1
GSM1695891,-1
GSM1695895,-1
GSM1695898,-1
GSM1695900,-1
GSM1695901,-1
GSM1695902,-1
GSM1695903,-1
GSM1700774,-1
GSM1700775,-1
GSM1700776,-1
GSM1700777,-1
GSM1700778,-1
GSM1700779,-1
GSM1700780,-1
GSM1700781,-1
GSM1700782,-1
GSM1700783,-1
GSM1709515,-1
GSM1709516,-1
GSM1709517,-1
GSM1709518,-1
GSM1709519,-1
GSM1709520,-1
GSM1709521,-1
GSM1709522,-1
GSM1709523,-1
GSM1709524,-1
GSM1709525,-1
GSM1709526,-1
GSM1709527,-1
GSM1709528,-1
GSM1709529,-1
GSM1709530,-1
GSM1709531,-1
GSM1709532,-1
GSM1709533,-1
GSM1709534,-1
GSM1709535,-1
GSM1709536,-1
GSM1709537,-1
GSM1709538,-1
GSM1709540,-1
GSM1709541,-1
GSM1709542,-1
GSM1709543,-1
GSM1709544,-1
GSM1709545,-1
GSM1709546,-1
GSM1709547,-1
GSM1709548,-1
GSM1709549,-1
GSM1709550,-1
GSM1709551,-1
GSM1709552,-1
GSM1709553,-1
GSM1709554,-1
GSM1709555,-1
GSM1709557,-1
GSM1709558,-1
GSM1709560,-1
GSM1709561,-1
GSM1709563,-1
GSM1709564,-1
GSM1709566,-1
GSM1709567,-1
GSM1709568,-1
GSM1709569,-1
GSM1709570,-1
GSM1709572,-1
GSM1709573,-1
GSM1709574,-1
GSM1709575,-1
GSM1709576,-1
GSM1709577,-1
GSM1709579,-1
GSM1709580,-1
GSM1709581,-1
GSM1709583,-1
GSM1709584,-1
GSM1709585,-1
GSM1709586,-1
GSM1709588,-1
GSM1709589,-1
GSM1848200,-1
GSM1848201,-1
GSM1848202,-1
GSM1848203,-1
GSM1848204,-1
GSM1848205,-1
GSM1848206,-1
GSM1848207,-1
GSM1848208,-1
GSM1848209,-1
GSM1848210,-1
GSM1897357,-1
GSM1897358,-1
GSM1897359,-1
GSM1897360,-1
GSM1897361,-1
GSM1897362,-1
GSM1897363,-1
GSM1897364,-1
GSM1897365,-1
GSM1897366,-1
GSM1897367,-1
GSM1897368,-1
GSM1897275,-1
GSM1897276,-1
GSM1897277,-1
GSM1897279,-1
GSM1897280,-1
GSM1897281,-1
GSM1897282,-1
GSM1897283,-1
GSM1897284,-1
GSM1897285,-1
GSM1897286,-1
GSM1897287,-1
GSM1897288,-1
GSM1897289,-1
GSM1897290,-1
GSM1897291,-1
GSM1897292,-1
GSM1897293,-1
GSM1897294,-1
GSM1897295,-1
GSM1897296,-1
GSM1897297,-1
GSM1897298,-1
GSM1897300,-1
GSM1897301,-1
GSM1897302,-1
GSM1897303,-1
GSM1897304,-1
GSM1897306,-1
GSM1897307,-1
GSM1897308,-1
GSM1897309,-1
GSM1897310,-1
GSM1897311,-1
GSM1897312,-1
GSM1897313,-1
GSM1897315,-1
GSM1897316,-1
GSM1897317,-1
GSM1897318,-1
GSM1897319,-1
GSM1897320,-1
GSM1897321,-1
GSM1897322,-1
GSM1897323,-1
GSM1897324,-1
GSM1897325,-1
GSM1897327,-1
GSM1897328,-1
GSM1897329,-1
GSM1897330,-1
GSM1897331,-1
GSM1897332,-1
GSM1897334,-1
GSM1897335,-1
GSM1897336,-1
GSM1897337,-1
GSM1897338,-1
GSM1897339,-1
GSM1897340,-1
GSM1897341,-1
GSM1897342,-1
GSM1897343,-1
GSM1897344,-1
GSM1897345,-1
GSM1897346,-1
GSM1897347,-1
GSM1897348,-1
GSM1897350,-1
GSM1897351,-1
GSM1897352,-1
GSM1897353,-1
GSM1897354,-1
GSM1897355,-1
GSM1897356,-1
GSM1943687,-1
GSM1943695,-1
GSM1943696,-1
GSM1943697,-1
GSM1943698,-1
GSM1943700,-1
GSM1943701,-1
GSM1939609,-1
GSM1939614,-1
GSM1939615,-1
GSM1939616,-1
GSM1939618,-1
GSM1939619,-1
GSM1939620,-1
GSM1939624,-1
GSM1939625,-1
GSM1939628,-1
GSM1939629,-1
GSM1939632,-1
GSM2098630,-1
GSM2098631,-1
GSM2098632,-1
GSM2098633,-1
GSM2098634,-1
GSM2098635,-1
GSM2098636,-1
GSM2098637,-1
GSM2098638,-1
GSM2098639,-1
GSM2098640,-1
GSM2098641,-1
GSM2098642,-1
GSM2098643,-1
GSM2098644,-1
GSM2098645,-1
GSM2098646,-1
GSM2098647,-1
GSM2098648,-1
GSM2098649,-1
GSM2098650,-1
GSM2098651,-1
GSM2098652,-1
GSM2098653,-1
GSM2098654,-1
GSM2098655,-1
GSM2098656,-1
GSM2098657,-1
GSM2098658,-1
GSM2098659,-1
GSM2098660,-1
GSM2098661,-1
GSM2098662,-1
GSM2098663,-1
GSM2098664,-1
GSM2098665,-1
GSM2098666,-1
GSM2098667,-1
GSM2098668,-1
GSM2098669,-1
GSM2098670,-1
GSM2098671,-1
GSM2098672,-1
GSM2098673,-1
GSM2098674,-1
GSM2098675,-1
GSM2098677,-1
GSM2098678,-1
GSM2098679,-1
GSM2098680,-1
GSM2098681,-1
GSM2098682,-1
GSM2098683,-1
GSM2098684,-1
GSM2098685,-1
GSM2098686,-1
GSM2098687,-1
GSM2098688,-1
GSM2098689,-1
GSM2098690,-1
GSM2098691,-1
GSM2098692,-1
GSM2098693,-1
GSM2098694,-1
GSM2098695,-1
GSM2098697,-1
GSM2098698,-1
GSM2098700,-1
GSM2098701,-1
GSM2098702,-1
GSM2098703,-1
GSM2098704,-1
GSM2098705,-1
GSM2098706,-1
GSM2098707,-1
GSM2098708,-1
GSM2098709,-1
GSM2098710,-1
GSM2098711,-1
GSM2098712,-1
GSM2098713,-1
GSM2098714,-1
GSM2098715,-1
GSM2098716,-1
GSM2098718,-1
GSM2098719,-1
GSM2098720,-1
GSM2098721,-1
GSM2098722,-1
GSM2098723,-1
GSM2098724,-1
GSM2098725,-1
GSM2112719,-1
GSM2112720,-1
GSM2112723,-1
GSM2112724,-1
GSM2112725,-1
GSM2112726,-1
GSM2112727,-1
GSM2112728,-1
GSM2112729,-1
GSM2112730,-1
GSM2112740,-1
GSM2112743,-1
GSM2112744,-1
GSM2112745,-1
GSM2112747,-1
GSM2112748,-1
GSM2112749,-1
GSM2112750,-1
GSM2112751,-1
GSM2112752,-1
GSM2112753,-1
GSM2112754,-1
GSM2112764,-1
GSM2112767,-1
GSM2112768,-1
GSM2112769,-1
GSM2112770,-1
GSM2112771,-1
GSM2112772,-1
GSM2112773,-1
GSM2112774,-1
GSM2112775,-1
GSM2112776,-1
GSM2112777,-1
GSM2112778,-1
GSM2112779,-1
GSM2112780,-1
GSM2112782,-1
GSM2112783,-1
GSM2112785,-1
GSM2112786,-1
GSM2112787,-1
GSM2112788,-1
GSM2112789,-1
GSM2112790,-1
GSM2112791,-1
GSM2126063,-1
GSM2126064,-1
GSM2126065,-1
GSM2126066,-1
GSM2126067,-1
GSM2126068,-1
GSM2126069,-1
GSM2126070,-1
GSM2126071,-1
GSM2126072,-1
GSM2126073,-1
GSM2126074,-1
GSM2179002,-1
GSM2179004,-1
GSM2179008,-1
GSM2179009,-1
GSM2179010,-1
GSM2179011,-1
GSM2179012,-1
GSM2179013,-1
GSM2179014,-1
GSM2179015,-1
GSM2194085,-1
GSM2194086,-1
GSM2194087,-1
GSM2194090,-1
GSM2194091,-1
GSM2194092,-1
GSM2194093,-1
GSM2194094,-1
GSM2194106,-1
GSM2194107,-1
GSM2194108,-1
GSM2194113,-1
GSM2194114,-1
GSM2194115,-1
GSM2253664,-1
GSM2253665,-1
GSM2253666,-1
GSM2253667,-1
GSM2253668,-1
GSM2330622,-1
GSM2330623,-1
GSM2330630,-1
GSM2330631,-1
GSM2330632,-1
GSM2330633,-1
GSM2330634,-1
GSM2330635,-1
GSM2330637,-1
GSM2330638,-1
GSM2330639,-1
GSM2330640,-1
GSM2330641,-1
GSM2330642,-1
GSM2330643,-1
GSM2330644,-1
GSM2330645,-1
GSM2330646,-1
GSM2330647,-1
GSM2330648,-1
GSM2330649,-1
GSM2330650,-1
GSM2330654,-1
GSM2330656,-1
GSM2330658,-1
GSM2330661,-1
GSM2405940,-1
GSM2405941,-1
GSM2405943,-1
GSM2405944,-1
GSM2405945,-1
GSM2405946,-1
GSM2405947,-1
GSM2405948,-1
GSM2405949,-1
GSM2405950,-1
GSM2405952,-1
GSM2405953,-1
GSM2405954,-1
GSM2407543,-1
GSM2407544,-1
GSM2407545,-1
GSM2407546,-1
GSM2407547,-1
GSM2407548,-1
GSM2440278,-1
GSM2440279,-1
GSM2440281,-1
GSM2440284,-1
GSM2440285,-1
GSM2440286,-1
GSM2440287,-1
GSM2440289,-1
GSM2440290,-1
GSM2440291,-1
GSM2440292,-1
GSM2440294,-1
GSM2440295,-1
GSM2440296,-1
GSM2440297,-1
GSM2440299,-1
GSM2440301,-1
GSM2443092,-1
GSM2443093,-1
GSM2443094,-1
GSM2443095,-1
GSM2443096,-1
GSM2443097,-1
GSM2443098,-1
GSM2443099,-1
GSM2443100,-1
GSM2443101,-1
GSM2443102,-1
GSM2443103,-1
GSM2501571,-1
GSM2501572,-1
GSM2501573,-1
GSM2501574,-1
GSM2501575,-1
GSM2501576,-1
GSM2501577,-1
GSM2501578,-1
GSM2501579,-1
GSM2501580,-1
GSM2501581,-1
GSM2501582,-1
GSM2501583,-1
GSM2501584,-1
GSM2501585,-1
GSM2501586,-1
GSM2501587,-1
GSM2501588,-1
GSM2501589,-1
GSM2501590,-1
GSM2545229,-1
GSM2545230,-1
GSM2545231,-1
GSM2545235,-1
GSM2545236,-1
GSM2545237,-1
GSM2545239,-1
GSM2545240,-1
GSM2545244,-1
GSM2545247,-1
GSM2545252,-1
GSM2545255,-1
GSM2545256,-1
GSM2545263,-1
GSM2545265,-1
GSM2545266,-1
GSM2545267,-1
GSM2545268,-1
GSM2545272,-1
GSM2645631,-1
GSM2645632,-1
GSM2645633,-1
GSM2645634,-1
GSM2645635,-1
GSM2645636,-1
GSM2645637,-1
GSM2645638,-1
GSM2645639,-1
GSM2645640,-1
GSM2645641,-1
GSM2645642,-1
GSM2645643,-1
GSM2645644,-1
GSM2645645,-1
GSM2677909,-1
GSM2677914,-1
GSM2696501,-1
GSM2696502,-1
GSM2696504,-1
GSM2696505,-1
GSM2696507,-1
GSM2696508,-1
GSM2696509,-1
GSM2696510,-1
GSM2696511,-1
GSM2696514,-1
GSM2696515,-1
GSM2696516,-1
GSM2696517,-1
GSM2696518,-1
GSM2696519,-1
GSM2696520,-1
GSM2696521,-1
GSM2696522,-1
GSM2696523,-1
GSM2696524,-1
GSM2696525,-1
GSM2696526,-1
GSM2696527,-1
GSM2696528,-1
GSM2696529,-1
GSM2696531,-1
GSM2696532,-1
GSM2696536,-1
GSM2696537,-1
GSM2696538,-1
GSM2696539,-1
GSM2696540,-1
GSM2696541,-1
GSM2696542,-1
GSM2696545,-1
GSM2696546,-1
GSM2696547,-1
GSM2696548,-1
GSM2696549,-1
GSM2696551,-1
GSM2696552,-1
GSM2696553,-1
GSM2696554,-1
GSM2696555,-1
GSM2696556,-1
GSM2696557,-1
GSM2696560,-1
GSM2696562,-1
GSM2696563,-1
GSM2696564,-1
GSM2696567,-1
GSM2696569,-1
GSM2696570,-1
GSM2696573,-1
GSM2696577,-1
GSM2696579,-1
GSM2696580,-1
GSM2696581,-1
GSM2696585,-1
GSM2696586,-1
GSM2696587,-1
GSM2696590,-1
GSM2696591,-1
GSM2696593,-1
GSM2696594,-1
GSM2696598,-1
GSM2696599,-1
GSM2696602,-1
GSM2724428,-1
GSM2724430,-1
GSM2724431,-1
GSM2724432,-1
GSM2724433,-1
GSM2724435,-1
GSM2724436,-1
GSM2724438,-1
GSM2724439,-1
GSM2724440,-1
GSM2724443,-1
GSM2724446,-1
GSM2724447,-1
GSM2724448,-1
GSM2724450,-1
GSM2724451,-1
GSM2724457,-1
GSM2724458,-1
GSM2724462,-1
GSM2791560,-1
GSM2791561,-1
GSM2791562,-1
GSM2791563,-1
GSM2791568,-1
GSM2791569,-1
GSM2791570,-1
GSM2791571,-1
GSM2791576,-1
GSM2791577,-1
GSM2791578,-1
GSM2791579,-1
GSM2791580,-1
GSM2791584,-1
GSM2791585,-1
GSM2791586,-1
GSM2791587,-1
GSM2791588,-1
GSM2791589,-1
GSM2791590,-1
GSM2791591,-1
GSM2806798,-1
GSM2806799,-1
GSM2806800,-1
GSM2806801,-1
GSM2806803,-1
GSM2806804,-1
GSM2806805,-1
GSM2806806,-1
GSM2806807,-1
GSM2806808,-1
GSM2806809,-1
GSM2806810,-1
GSM2806812,-1
GSM2806814,-1
GSM2806815,-1
GSM2806816,-1
GSM2806817,-1
GSM2806818,-1
GSM2806819,-1
GSM2806820,-1
GSM2806821,-1
GSM2806822,-1
GSM2806824,-1
GSM2806826,-1
GSM2806827,-1
GSM2806828,-1
GSM2806829,-1
GSM2806830,-1
GSM2806831,-1
GSM2806832,-1
GSM2806833,-1
GSM2806834,-1
GSM2806835,-1
GSM2806836,-1
GSM2806838,-1
GSM2806839,-1
GSM2806841,-1
GSM2806842,-1
GSM2806843,-1
GSM2809887,-1
GSM2809888,-1
GSM2809889,-1
GSM2809890,-1
GSM2809891,-1
GSM2809892,-1
GSM2809894,-1
GSM2809895,-1
GSM2809897,-1
GSM2811267,-1
GSM2811269,-1
GSM2811270,-1
GSM2811271,-1
GSM2811275,-1
GSM2811279,-1
GSM2811280,-1
GSM2811282,-1
GSM2811283,-1
GSM2811284,-1
GSM2811285,-1
GSM2811291,-1
GSM2813149,-1
GSM2813150,-1
GSM2813151,-1
GSM2813152,-1
GSM2813153,-1
GSM2813162,-1
GSM2813164,-1
GSM2813167,-1
GSM2813172,-1
GSM2813175,-1
GSM2813176,-1
GSM2813179,-1
GSM2813180,-1
GSM2813182,-1
GSM2813185,-1
GSM2813192,-1
GSM2813199,-1
GSM2813200,-1
GSM2813201,-1
GSM2813202,-1
GSM2813203,-1
GSM2813204,-1
GSM2813205,-1
GSM2813206,-1
GSM2813208,-1
GSM2813209,-1
GSM3106217,-1
GSM3106218,-1
GSM3106219,-1
GSM3106221,-1
GSM3106222,-1
GSM3106223,-1
GSM3106224,-1
GSM3106225,-1
GSM3106227,-1
GSM3106228,-1
GSM3106229,-1
GSM3106230,-1
GSM3106232,-1
GSM3148632,-1
GSM3148639,-1
GSM3165452,-1
GSM3165453,-1
GSM3165454,-1
GSM3165455,-1
GSM3165456,-1
GSM3165457,-1
GSM3165460,-1
GSM3165462,-1
GSM3165463,-1
GSM3165464,-1
GSM3165465,-1
GSM3165466,-1
GSM3165467,-1
GSM3165468,-1
GSM3165469,-1
GSM3165470,-1
GSM3165471,-1
GSM3165473,-1
GSM3165474,-1
GSM3165475,-1
GSM3165477,-1
GSM3165478,-1
GSM3165479,-1
GSM3165481,-1
GSM3165482,-1
GSM3165483,-1
GSM3165484,-1
GSM3165485,-1
GSM3165487,-1
GSM3165488,-1
GSM3165489,-1
GSM3181856,-1
GSM3181858,-1
GSM3181860,-1
GSM3181861,-1
GSM3181862,-1
GSM3181863,-1
GSM3181864,-1
GSM3181866,-1
GSM3181867,-1
GSM3181868,-1
GSM3181869,-1
GSM3329957,-1
GSM3329958,-1
GSM3329960,-1
GSM3329961,-1
GSM3329962,-1
GSM3329963,-1
GSM3329964,-1
GSM3329965,-1
GSM3329966,-1
GSM3329967,-1
GSM3329968,-1
GSM3329969,-1
GSM3329970,-1
GSM3329971,-1
GSM3329972,-1
GSM3329974,-1
GSM3329975,-1
GSM3329977,-1
GSM3329979,-1
GSM3329982,-1
GSM3329983,-1
GSM3329984,-1
GSM3329989,-1
GSM3329990,-1
GSM3329991,-1
GSM3329992,-1
GSM21204,-1
GSM85423,-1
GSM37434,-1
GSM34398,-1
GSM40701,0
GSM75555,-1
GSM107455,-1
GSM66621,-1
GSM23395,-1
GSM47622,-1
GSM71029,-1
GSM82386,-1
GSM82408,-1
GSM7832,-1
GSM29616,-1
GSM76030,-1
GSM155587,-1
GSM29606,-1
GSM76056,-1
GSM155568,-1
GSM15968,-1
GSM40661,0
GSM14553,-1
GSM37561,-1
GSM47630,-1
GSM39116,-1
GSM30530,-1
GSM30681,-1
GSM12587,-1
GSM1983,-1
GSM2002,-1
GSM2063,-1
GSM39819,-1
GSM37358,-1
GSM28357,-1
GSM74802,-1
GSM72246,-1
GSM4003,-1
GSM29079,-1
GSM51771,-1
GSM40660,0
GSM106276,-1
GSM14502,-1
GSM37341,-1
GSM18413,-1
GSM88425,-1
GSM8650,-1
GSM15650,-1
GSM35700,-1
GSM38689,-1
GSM52673,-1
GSM9093,-1
GSM8814,-1
GSM37415,-1
GSM29938,-1
GSM73387,-1
GSM36757,-1
GSM31732,-1
GSM82671,-1
GSM18408,-1
GSM85222,-1
GSM23171,-1
GSM94836,-1
GSM79050,-1
GSM23413,-1
GSM5159,-1
GSM71070,-1
GSM52481,-1
GSM1958,-1
GSM1994,-1
GSM2031,-1
GSM52088,-1
GSM102688,-1
GSM33092,-1
GSM88353,-1
GSM27725,-1
GSM40664,0
GSM8905,-1
GSM33069,-1
GSM71678,-1
GSM21205,-1
GSM85424,-1
GSM37435,-1
GSM34399,-1
GSM40698,0
GSM75556,-1
GSM107460,-1
GSM66632,-1
GSM23396,-1
GSM47623,-1
GSM71031,-1
GSM82387,-1
GSM82409,-1
GSM7823,-1
GSM29617,-1
GSM76031,-1
GSM155588,-1
GSM29607,-1
GSM76057,-1
GSM155569,-1
GSM15969,-1
GSM40662,0
GSM14554,-1
GSM37562,-1
GSM47631,-1
GSM39117,-1
GSM30531,-1
GSM30682,-1
GSM12588,-1
GSM1984,-1
GSM2003,-1
GSM2064,-1
GSM39820,-1
GSM37360,-1
GSM28359,-1
GSM74819,-1
GSM72247,-1
GSM29324,-1
GSM29081,-1
GSM51772,-1
GSM40668,0
GSM106277,-1
GSM14503,-1
GSM18414,-1
GSM88427,-1
GSM35701,-1
GSM38690,-1
GSM52674,-1
GSM9094,-1
GSM8815,-1
GSM37416,-1
GSM29944,-1
GSM73389,-1
GSM36758,-1
GSM33595,-1
GSM82676,-1
GSM18409,-1
GSM85223,-1
GSM23166,-1
GSM94837,-1
GSM79051,-1
GSM23417,-1
GSM5160,-1
GSM71072,-1
GSM52482,-1
GSM1959,-1
GSM1995,-1
GSM2032,-1
GSM52090,-1
GSM102689,-1
GSM33094,-1
GSM88397,-1
GSM27726,-1
GSM40682,0
GSM8915,-1
GSM33087,-1
GSM71679,-1
GSM21216,-1
GSM85425,-1
GSM37436,-1
GSM34400,-1
GSM40665,0
GSM75569,-1
GSM107457,-1
GSM66643,-1
GSM23397,-1
GSM47624,-1
GSM71033,-1
GSM82388,-1
GSM82410,-1
GSM7857,-1
GSM29618,-1
GSM76032,-1
GSM155589,-1
GSM29608,-1
GSM76058,-1
GSM155570,-1
GSM15970,-1
GSM40666,0
GSM14555,-1
GSM37563,-1
GSM47632,-1
GSM39118,-1
GSM30532,-1
GSM30683,-1
GSM12589,-1
GSM2017,-1
GSM2080,-1
GSM39821,-1
GSM37361,-1
GSM28361,-1
GSM74820,-1
GSM72248,-1
GSM29345,-1
GSM29082,-1
GSM51773,-1
GSM40678,0
GSM106278,-1
GSM14504,-1
GSM18415,-1
GSM88428,-1
GSM35702,-1
GSM38691,-1
GSM52675,-1
GSM9095,-1
GSM37418,-1
GSM29950,-1
GSM73391,-1
GSM36759,-1
GSM33942,-1
GSM82680,-1
GSM18410,-1
GSM85224,-1
GSM23177,-1
GSM94838,-1
GSM79053,-1
GSM23419,-1
GSM5165,-1
GSM71074,-1
GSM52483,-1
GSM1960,-1
GSM1996,-1
GSM2033,-1
GSM33096,-1
GSM88401,-1
GSM40688,0
GSM8917,-1
GSM33088,-1
GSM71680,-1
GSM21222,-1
GSM85426,-1
GSM37437,-1
GSM34401,-1
GSM40677,0
GSM75558,-1
GSM107462,-1
GSM66627,-1
GSM23398,-1
GSM47625,-1
GSM71036,-1
GSM82389,-1
GSM82411,-1
GSM7822,-1
GSM29619,-1
GSM76033,-1
GSM155590,-1
GSM29609,-1
GSM76059,-1
GSM155571,-1
GSM40669,0
GSM14556,-1
GSM39119,-1
GSM30533,-1
GSM30684,-1
GSM12590,-1
GSM2018,-1
GSM2081,-1
GSM39822,-1
GSM28363,-1
GSM74821,-1
GSM72249,-1
GSM29084,-1
GSM51774,-1
GSM40679,0
GSM106279,-1
GSM14505,-1
GSM18416,-1
GSM88429,-1
GSM35703,-1
GSM38692,-1
GSM52676,-1
GSM9096,-1
GSM37419,-1
GSM73393,-1
GSM36760,-1
GSM33943,-1
GSM82686,-1
GSM18411,-1
GSM85225,-1
GSM23172,-1
GSM94839,-1
GSM79055,-1
GSM23422,-1
GSM5166,-1
GSM71076,-1
GSM52484,-1
GSM1965,-1
GSM1997,-1
GSM2034,-1
GSM33114,-1
GSM88402,-1
GSM40702,0
GSM8921,-1
GSM33089,-1
GSM71681,-1
GSM21225,-1
GSM85427,-1
GSM34402,-1
GSM75552,-1
GSM107454,-1
GSM66638,-1
GSM23399,-1
GSM47626,-1
GSM71042,-1
GSM82390,-1
GSM82412,-1
GSM7825,-1
GSM29620,-1
GSM76034,-1
GSM155591,-1
GSM29610,-1
GSM76060,-1
GSM155572,-1
GSM40670,0
GSM14557,-1
GSM39120,-1
GSM30534,-1
GSM30685,-1
GSM12591,-1
GSM2019,-1
GSM2082,-1
GSM39823,-1
GSM28364,-1
GSM74822,-1
GSM72250,-1
GSM29085,-1
GSM51775,-1
GSM40686,0
GSM106280,-1
GSM14509,-1
GSM18417,-1
GSM88430,-1
GSM35704,-1
GSM38693,-1
GSM52677,-1
GSM9097,-1
GSM37420,-1
GSM73395,-1
GSM36761,-1
GSM33944,-1
GSM82689,-1
GSM18412,-1
GSM85226,-1
GSM23167,-1
GSM94840,-1
GSM79056,-1
GSM23424,-1
GSM5169,-1
GSM71077,-1
GSM52485,-1
GSM1966,-1
GSM1998,-1
GSM2035,-1
GSM33116,-1
GSM88351,-1
GSM40706,0
GSM8923,-1
GSM33090,-1
GSM71682,-1
GSM21228,-1
GSM85428,-1
GSM75554,-1
GSM107459,-1
GSM66649,-1
GSM23400,-1
GSM71044,-1
GSM82391,-1
GSM82413,-1
GSM7820,-1
GSM29621,-1
GSM76035,-1
GSM155592,-1
GSM29611,-1
GSM76061,-1
GSM155573,-1
GSM40671,0
GSM14558,-1
GSM39121,-1
GSM30535,-1
GSM30686,-1
GSM12592,-1
GSM39824,-1
GSM28365,-1
GSM74823,-1
GSM29087,-1
GSM51776,-1
GSM40687,0
GSM106281,-1
GSM14510,-1
GSM88433,-1
GSM35699,-1
GSM38694,-1
GSM52678,-1
GSM37421,-1
GSM36762,-1
GSM33945,-1
GSM85227,-1
GSM23178,-1
GSM94841,-1
GSM79059,-1
GSM23425,-1
GSM5170,-1
GSM52486,-1
GSM1967,-1
GSM1999,-1
GSM2036,-1
GSM33117,-1
GSM88360,-1
GSM40711,0
GSM12767,-1
GSM33091,-1
GSM71683,-1
GSM21233,-1
GSM85429,-1
GSM75566,-1
GSM107456,-1
GSM66622,-1
GSM23401,-1
GSM71045,-1
GSM82392,-1
GSM82414,-1
GSM7829,-1
GSM29622,-1
GSM76036,-1
GSM155593,-1
GSM29612,-1
GSM76062,-1
GSM155574,-1
GSM40672,0
GSM14559,-1
GSM39122,-1
GSM30536,-1
GSM30687,-1
GSM12593,-1
GSM39825,-1
GSM28366,-1
GSM29088,-1
GSM51777,-1
GSM40691,0
GSM106282,-1
GSM14511,-1
GSM88435,-1
GSM38695,-1
GSM52680,-1
GSM37422,-1
GSM36763,-1
GSM33946,-1
GSM85228,-1
GSM23173,-1
GSM94842,-1
GSM79060,-1
GSM23426,-1
GSM5172,-1
GSM52487,-1
GSM1968,-1
GSM2000,-1
GSM2037,-1
GSM33118,-1
GSM88389,-1
GSM8907,-1
GSM33093,-1
GSM71684,-1
GSM21209,-1
GSM85430,-1
GSM75567,-1
GSM107461,-1
GSM66633,-1
GSM23402,-1
GSM71049,-1
GSM82415,-1
GSM7839,-1
GSM29623,-1
GSM76037,-1
GSM155594,-1
GSM29613,-1
GSM76063,-1
GSM155575,-1
GSM40673,0
GSM14560,-1
GSM39123,-1
GSM30537,-1
GSM30688,-1
GSM12594,-1
GSM39826,-1
GSM28367,-1
GSM29090,-1
GSM51778,-1
GSM40699,0
GSM106283,-1
GSM14512,-1
GSM88437,-1
GSM37423,-1
GSM36764,-1
GSM33947,-1
GSM23168,-1
GSM94843,-1
GSM79062,-1
GSM23427,-1
GSM5174,-1
GSM52488,-1
GSM1969,-1
GSM2001,-1
GSM2038,-1
GSM33119,-1
GSM88390,-1
GSM8909,-1
GSM33095,-1
GSM71685,-1
GSM21210,-1
GSM85431,-1
GSM75568,-1
GSM66644,-1
GSM71055,-1
GSM82416,-1
GSM7835,-1
GSM29624,-1
GSM76038,-1
GSM155595,-1
GSM29614,-1
GSM76064,-1
GSM155576,-1
GSM40674,0
GSM14561,-1
GSM39124,-1
GSM30538,-1
GSM30689,-1
GSM12595,-1
GSM39827,-1
GSM28368,-1
GSM29091,-1
GSM51779,-1
GSM106284,-1
GSM88439,-1
GSM37424,-1
GSM36765,-1
GSM33948,-1
GSM23174,-1
GSM80007,-1
GSM52489,-1
GSM1970,-1
GSM2016,-1
GSM2039,-1
GSM33120,-1
GSM88391,-1
GSM8910,-1
GSM33097,-1
GSM71686,-1
GSM21211,-1
GSM85432,-1
GSM75561,-1
GSM66617,-1
GSM71056,-1
GSM82417,-1
GSM7831,-1
GSM29625,-1
GSM76039,-1
GSM29615,-1
GSM76065,-1
GSM155577,-1
GSM40676,0
GSM14562,-1
GSM39125,-1
GSM30539,-1
GSM30690,-1
GSM12596,-1
GSM39828,-1
GSM28369,-1
GSM29092,-1
GSM51780,-1
GSM106285,-1
GSM37425,-1
GSM36766,-1
GSM33949,-1
GSM23169,-1
GSM80008,-1
GSM52490,-1
GSM1971,-1
GSM2040,-1
GSM33121,-1
GSM88392,-1
GSM8912,-1
GSM33098,-1
GSM71687,-1
GSM21214,-1
GSM85433,-1
GSM75562,-1
GSM66628,-1
GSM71058,-1
GSM82418,-1
GSM7821,-1
GSM76040,-1
GSM76066,-1
GSM155578,-1
GSM40680,0
GSM14563,-1
GSM39126,-1
GSM30540,-1
GSM30691,-1
GSM12597,-1
GSM39829,-1
GSM28371,-1
GSM29093,-1
GSM51781,-1
GSM37426,-1
GSM36767,-1
GSM33950,-1
GSM23164,-1
GSM80009,-1
GSM52491,-1
GSM1972,-1
GSM2041,-1
GSM88393,-1
GSM8920,-1
GSM33099,-1
GSM71688,-1
GSM21223,-1
GSM85434,-1
GSM75564,-1
GSM66639,-1
GSM71059,-1
GSM82419,-1
GSM7827,-1
GSM76041,-1
GSM76067,-1
GSM155579,-1
GSM40681,0
GSM14564,-1
GSM39127,-1
GSM30541,-1
GSM30692,-1
GSM12598,-1
GSM39830,-1
GSM28373,-1
GSM29095,-1
GSM51782,-1
GSM37427,-1
GSM36768,-1
GSM33951,-1
GSM23175,-1
GSM80010,-1
GSM52492,-1
GSM1973,-1
GSM2042,-1
GSM88394,-1
GSM8924,-1
GSM33100,-1
GSM71689,-1
GSM21224,-1
GSM85435,-1
GSM66650,-1
GSM71064,-1
GSM82420,-1
GSM7824,-1
GSM76042,-1
GSM76068,-1
GSM155580,-1
GSM40683,0
GSM14565,-1
GSM39128,-1
GSM12599,-1
GSM39831,-1
GSM28375,-1
GSM29096,-1
GSM51783,-1
GSM37428,-1
GSM36769,-1
GSM33952,-1
GSM23170,-1
GSM80011,-1
GSM52493,-1
GSM1974,-1
GSM2043,-1
GSM88395,-1
GSM8925,-1
GSM33101,-1
GSM71690,-1
GSM21227,-1
GSM85436,-1
GSM66623,-1
GSM71065,-1
GSM7838,-1
GSM76043,-1
GSM76069,-1
GSM155581,-1
GSM40684,0
GSM14566,-1
GSM39129,-1
GSM12600,-1
GSM39832,-1
GSM28377,-1
GSM29097,-1
GSM51784,-1
GSM36770,-1
GSM33953,-1
GSM23165,-1
GSM80012,-1
GSM52494,-1
GSM1975,-1
GSM2044,-1
GSM88396,-1
GSM12762,-1
GSM33102,-1
GSM71691,-1
GSM21230,-1
GSM85437,-1
GSM66634,-1
GSM71067,-1
GSM7837,-1
GSM76044,-1
GSM76070,-1
GSM155582,-1
GSM40685,0
GSM14567,-1
GSM39130,-1
GSM39833,-1
GSM28379,-1
GSM29099,-1
GSM51785,-1
GSM36771,-1
GSM33954,-1
GSM23176,-1
GSM80013,-1
GSM1976,-1
GSM2045,-1
GSM88398,-1
GSM12763,-1
GSM33103,-1
GSM71692,-1
GSM21203,-1
GSM85438,-1
GSM66645,-1
GSM7836,-1
GSM76045,-1
GSM76071,-1
GSM155583,-1
GSM40689,0
GSM14568,-1
GSM39131,-1
GSM39834,-1
GSM28381,-1
GSM29100,-1
GSM51786,-1
GSM36772,-1
GSM34070,-1
GSM80014,-1
GSM1977,-1
GSM2046,-1
GSM88399,-1
GSM33104,-1
GSM71693,-1
GSM21206,-1
GSM85439,-1
GSM66618,-1
GSM7830,-1
GSM76046,-1
GSM76072,-1
GSM155584,-1
GSM40690,0
GSM14569,-1
GSM39132,-1
GSM39835,-1
GSM28383,-1
GSM29102,-1
GSM51787,-1
GSM36773,-1
GSM34071,-1
GSM1978,-1
GSM2047,-1
GSM88400,-1
GSM33105,-1
GSM71694,-1
GSM21207,-1
GSM85440,-1
GSM66629,-1
GSM7858,-1
GSM76047,-1
GSM76073,-1
GSM155585,-1
GSM40692,0
GSM14570,-1
GSM39133,-1
GSM39836,-1
GSM28385,-1
GSM29103,-1
GSM51788,-1
GSM36774,-1
GSM34072,-1
GSM1979,-1
GSM2048,-1
GSM88403,-1
GSM33106,-1
GSM71695,-1
GSM21208,-1
GSM66640,-1
GSM7856,-1
GSM76048,-1
GSM76074,-1
GSM155586,-1
GSM40693,0
GSM14571,-1
GSM39134,-1
GSM39837,-1
GSM51789,-1
GSM36775,-1
GSM34074,-1
GSM1980,-1
GSM2049,-1
GSM88404,-1
GSM33107,-1
GSM21212,-1
GSM66651,-1
GSM7854,-1
GSM76049,-1
GSM76075,-1
GSM40694,0
GSM14572,-1
GSM39135,-1
GSM39838,-1
GSM51790,-1
GSM36776,-1
GSM34214,-1
GSM1981,-1
GSM2050,-1
GSM88405,-1
GSM33115,-1
GSM21213,-1
GSM66624,-1
GSM7840,-1
GSM76050,-1
GSM76076,-1
GSM40695,0
GSM14573,-1
GSM39136,-1
GSM39839,-1
GSM51791,-1
GSM34216,-1
GSM1982,-1
GSM2051,-1
GSM88406,-1
GSM33122,-1
GSM21229,-1
GSM66635,-1
GSM7828,-1
GSM76051,-1
GSM76077,-1
GSM40696,0
GSM14574,-1
GSM39137,-1
GSM39840,-1
GSM51792,-1
GSM34217,-1
GSM2052,-1
GSM88347,-1
GSM66646,-1
GSM7834,-1
GSM76052,-1
GSM76078,-1
GSM40697,0
GSM14575,-1
GSM39138,-1
GSM39841,-1
GSM34218,-1
GSM2053,-1
GSM66619,-1
GSM7855,-1
GSM76053,-1
GSM76079,-1
GSM40704,0
GSM14576,-1
GSM39139,-1
GSM39842,-1
GSM2054,-1
GSM66630,-1
GSM76054,-1
GSM76080,-1
GSM40705,0
GSM14577,-1
GSM39140,-1
GSM39843,-1
GSM2055,-1
GSM66641,-1
GSM76055,-1
GSM76081,-1
GSM40707,0
GSM14578,-1
GSM39141,-1
GSM39844,-1
GSM2056,-1
GSM66625,-1
GSM76082,-1
GSM40708,0
GSM14579,-1
GSM39142,-1
GSM39845,-1
GSM2057,-1
GSM66636,-1
GSM76083,-1
GSM40709,0
GSM14580,-1
GSM39143,-1
GSM39846,-1
GSM2058,-1
GSM66647,-1
GSM76084,-1
GSM40712,0
GSM14581,-1
GSM39144,-1
GSM39847,-1
GSM2059,-1
GSM66620,-1
GSM76085,-1
GSM40713,0
GSM14582,-1
GSM39145,-1
GSM39848,-1
GSM2060,-1
GSM66631,-1
GSM76086,-1
GSM14583,-1
GSM39146,-1
GSM39849,-1
GSM2072,-1
GSM66642,-1
GSM76087,-1
GSM14584,-1
GSM39147,-1
GSM39850,-1
GSM2073,-1
GSM66626,-1
GSM76088,-1
GSM14585,-1
GSM39148,-1
GSM39851,-1
GSM2074,-1
GSM66637,-1
GSM76089,-1
GSM14586,-1
GSM39149,-1
GSM39852,-1
GSM2075,-1
GSM66648,-1
GSM76090,-1
GSM14587,-1
GSM39150,-1
GSM39853,-1
GSM2076,-1
GSM76091,-1
GSM39151,-1
GSM39854,-1
GSM2077,-1
GSM76092,-1
GSM39152,-1
GSM39855,-1
GSM2078,-1
GSM76093,-1
GSM39153,-1
GSM39856,-1
GSM2079,-1
GSM76094,-1
GSM39154,-1
GSM39857,-1
GSM76095,-1
GSM39155,-1
GSM39858,-1
GSM76096,-1
GSM39156,-1
GSM39859,-1
GSM76097,-1
GSM39157,-1
GSM39860,-1
GSM76098,-1
GSM39158,-1
GSM39861,-1
GSM76099,-1
GSM39159,-1
GSM39862,-1
GSM76100,-1
GSM39160,-1
GSM39863,-1
GSM76101,-1
GSM39161,-1
GSM39864,-1
GSM76102,-1
GSM39162,-1
GSM39865,-1
GSM76103,-1
GSM39163,-1
GSM39866,-1
GSM76104,-1
GSM39164,-1
GSM39867,-1
GSM76105,-1
GSM39165,-1
GSM39868,-1
GSM76106,-1
GSM39166,-1
GSM39869,-1
GSM76107,-1
GSM39167,-1
GSM39870,-1
GSM76108,-1
GSM39168,-1
GSM39871,-1
GSM76109,-1
GSM39169,-1
GSM39872,-1
GSM76110,-1
GSM39170,-1
GSM76111,-1
GSM39171,-1
GSM76112,-1
GSM39172,-1
GSM76113,-1
GSM39173,-1
GSM76114,-1
GSM39174,-1
GSM39175,-1
GSM39176,-1
GSM39177,-1
GSM39178,-1
GSM39179,-1
GSM39180,-1
GSM39181,-1
GSM39182,-1
GSM39183,-1
GSM39184,-1
GSM39185,-1
GSM39186,-1
GSM39187,-1
GSM39188,-1
GSM39189,-1
GSM39190,-1
GSM21215,-1
GSM37430,-1
GSM34379,-1
GSM75559,-1
GSM107453,-1
GSM66676,-1
GSM47616,-1
GSM82381,-1
GSM82393,-1
GSM7841,-1
GSM29595,-1
GSM76115,-1
GSM155564,-1
GSM15965,-1
GSM14525,-1
GSM37564,-1
GSM47627,-1
GSM39104,-1
GSM30580,-1
GSM30698,-1
GSM12601,-1
GSM39873,-1
GSM37359,-1
GSM28358,-1
GSM74797,-1
GSM71942,-1
GSM4004,-1
GSM29059,-1
GSM51763,-1
GSM106249,-1
GSM14498,-1
GSM37337,-1
GSM88422,-1
GSM8649,-1
GSM15648,-1
GSM35706,-1
GSM52661,-1
GSM52672,-1
GSM9098,-1
GSM8816,-1
GSM37404,-1
GSM29915,-1
GSM73386,-1
GSM47958,-1
GSM31728,-1
GSM82670,-1
GSM18403,-1
GSM85215,-1
GSM23193,-1
GSM94831,-1
GSM79036,-1
GSM23385,-1
GSM5157,-1
GSM71019,-1
GSM52495,-1
GSM1954,-1
GSM1986,-1
GSM2070,-1
GSM52089,-1
GSM102682,-1
GSM88407,-1
GSM27727,-1
GSM40663,0
GSM8906,-1
GSM33108,-1
GSM71671,-1
GSM21217,-1
GSM37431,-1
GSM34383,-1
GSM75560,-1
GSM107458,-1
GSM66687,-1
GSM47617,-1
GSM82382,-1
GSM82394,-1
GSM7844,-1
GSM29596,-1
GSM76116,-1
GSM155565,-1
GSM15966,-1
GSM14526,-1
GSM37565,-1
GSM47628,-1
GSM39105,-1
GSM30581,-1
GSM30699,-1
GSM12602,-1
GSM39874,-1
GSM37362,-1
GSM28360,-1
GSM74798,-1
GSM71991,-1
GSM4005,-1
GSM29060,-1
GSM51764,-1
GSM106250,-1
GSM14499,-1
GSM88423,-1
GSM35707,-1
GSM52662,-1
GSM52679,-1
GSM9099,-1
GSM8817,-1
GSM37405,-1
GSM29911,-1
GSM73388,-1
GSM47959,-1
GSM31729,-1
GSM82674,-1
GSM18404,-1
GSM85216,-1
GSM23188,-1
GSM94854,-1
GSM79043,-1
GSM23386,-1
GSM5158,-1
GSM71020,-1
GSM52496,-1
GSM1961,-1
GSM1987,-1
GSM2020,-1
GSM52091,-1
GSM102683,-1
GSM88408,-1
GSM27728,-1
GSM40667,0
GSM8908,-1
GSM33109,-1
GSM71672,-1
GSM21218,-1
GSM37432,-1
GSM34385,-1
GSM75565,-1
GSM66671,-1
GSM47618,-1
GSM82383,-1
GSM82395,-1
GSM7843,-1
GSM29597,-1
GSM76117,-1
GSM155566,-1
GSM15967,-1
GSM14527,-1
GSM37566,-1
GSM47629,-1
GSM39106,-1
GSM30582,-1
GSM30700,-1
GSM12603,-1
GSM39875,-1
GSM37363,-1
GSM28362,-1
GSM74799,-1
GSM72243,-1
GSM4006,-1
GSM29061,-1
GSM51765,-1
GSM106274,-1
GSM14500,-1
GSM88424,-1
GSM35708,-1
GSM52663,-1
GSM52681,-1
GSM9100,-1
GSM37406,-1
GSM29918,-1
GSM73390,-1
GSM47960,-1
GSM31803,-1
GSM82675,-1
GSM18405,-1
GSM85217,-1
GSM23194,-1
GSM94855,-1
GSM79044,-1
GSM23387,-1
GSM5163,-1
GSM71021,-1
GSM52497,-1
GSM1964,-1
GSM1988,-1
GSM2021,-1
GSM102701,-1
GSM40675,0
GSM8911,-1
GSM33110,-1
GSM71673,-1
GSM21219,-1
GSM37433,-1
GSM34388,-1
GSM75557,-1
GSM66682,-1
GSM47619,-1
GSM82384,-1
GSM82396,-1
GSM7842,-1
GSM29598,-1
GSM76118,-1
GSM155567,-1
GSM14528,-1
GSM39107,-1
GSM30583,-1
GSM30701,-1
GSM12604,-1
GSM39876,-1
GSM28370,-1
GSM74800,-1
GSM72244,-1
GSM48597,-1
GSM29062,-1
GSM51766,-1
GSM106275,-1
GSM14501,-1
GSM88426,-1
GSM35709,-1
GSM52664,-1
GSM9101,-1
GSM37407,-1
GSM73392,-1
GSM47961,-1
GSM82682,-1
GSM18406,-1
GSM85218,-1
GSM23189,-1
GSM94870,-1
GSM79045,-1
GSM23388,-1
GSM5164,-1
GSM71022,-1
GSM2022,-1
GSM102702,-1
GSM40703,0
GSM8913,-1
GSM33111,-1
GSM71674,-1
GSM21220,-1
GSM34391,-1
GSM75563,-1
GSM66677,-1
GSM47620,-1
GSM82385,-1
GSM82397,-1
GSM7846,-1
GSM29599,-1
GSM76119,-1
GSM14529,-1
GSM39108,-1
GSM30584,-1
GSM30702,-1
GSM12605,-1
GSM28372,-1
GSM74801,-1
GSM72245,-1
GSM29063,-1
GSM51767,-1
GSM88431,-1
GSM35705,-1
GSM52665,-1
GSM9102,-1
GSM37408,-1
GSM73394,-1
GSM47962,-1
GSM82685,-1
GSM18407,-1
GSM85219,-1
GSM23195,-1
GSM79046,-1
GSM23389,-1
GSM5175,-1
GSM71023,-1
GSM2061,-1
GSM8914,-1
GSM33112,-1
GSM71675,-1
GSM21221,-1
GSM75553,-1
GSM66688,-1
GSM47621,-1
GSM82398,-1
GSM7847,-1
GSM29600,-1
GSM76120,-1
GSM14530,-1
GSM39109,-1
GSM30585,-1
GSM30703,-1
GSM12606,-1
GSM28374,-1
GSM29064,-1
GSM51768,-1
GSM88432,-1
GSM52666,-1
GSM37409,-1
GSM47963,-1
GSM85220,-1
GSM23190,-1
GSM79047,-1
GSM23390,-1
GSM5176,-1
GSM71024,-1
GSM2062,-1
GSM8916,-1
GSM33113,-1
GSM71676,-1
GSM21226,-1
GSM66672,-1
GSM82399,-1
GSM7848,-1
GSM29601,-1
GSM76121,-1
GSM14531,-1
GSM39110,-1
GSM30586,-1
GSM30704,-1
GSM28376,-1
GSM29065,-1
GSM51769,-1
GSM88434,-1
GSM52667,-1
GSM37410,-1
GSM47964,-1
GSM85221,-1
GSM23185,-1
GSM79048,-1
GSM23391,-1
GSM71025,-1
GSM2065,-1
GSM8918,-1
GSM71677,-1
GSM21231,-1
GSM66683,-1
GSM82400,-1
GSM7845,-1
GSM29602,-1
GSM76122,-1
GSM14532,-1
GSM39111,-1
GSM30587,-1
GSM30705,-1
GSM28378,-1
GSM29066,-1
GSM51770,-1
GSM88436,-1
GSM52668,-1
GSM37411,-1
GSM47965,-1
GSM23191,-1
GSM79049,-1
GSM23392,-1
GSM71026,-1
GSM2066,-1
GSM8919,-1
GSM21232,-1
GSM66678,-1
GSM82401,-1
GSM29603,-1
GSM76123,-1
GSM14533,-1
GSM39112,-1
GSM30588,-1
GSM30706,-1
GSM28380,-1
GSM29067,-1
GSM88438,-1
GSM52669,-1
GSM37412,-1
GSM47966,-1
GSM23186,-1
GSM80003,-1
GSM71027,-1
GSM2067,-1
GSM8922,-1
GSM66689,-1
GSM82402,-1
GSM29604,-1
GSM76124,-1
GSM14534,-1
GSM39113,-1
GSM30589,-1
GSM30707,-1
GSM28382,-1
GSM29068,-1
GSM88440,-1
GSM52670,-1
GSM37413,-1
GSM47967,-1
GSM23192,-1
GSM80004,-1
GSM2068,-1
GSM12764,-1
GSM66673,-1
GSM82403,-1
GSM29605,-1
GSM76125,-1
GSM14535,-1
GSM39114,-1
GSM30590,-1
GSM30708,-1
GSM28384,-1
GSM29069,-1
GSM88441,-1
GSM52671,-1
GSM37414,-1
GSM47968,-1
GSM23187,-1
GSM80005,-1
GSM2069,-1
GSM12765,-1
GSM66684,-1
GSM82404,-1
GSM76126,-1
GSM14536,-1
GSM39115,-1
GSM30591,-1
GSM30709,-1
GSM28386,-1
GSM29070,-1
GSM88442,-1
GSM47969,-1
GSM80006,-1
GSM2083,-1
GSM12766,-1
GSM66679,-1
GSM82405,-1
GSM76127,-1
GSM14537,-1
GSM30592,-1
GSM30710,-1
GSM29071,-1
GSM47970,-1
GSM2084,-1
GSM66674,-1
GSM82406,-1
GSM76128,-1
GSM14538,-1
GSM30593,-1
GSM30711,-1
GSM29072,-1
GSM47971,-1
GSM2085,-1
GSM66685,-1
GSM82407,-1
GSM76129,-1
GSM14539,-1
GSM29074,-1
GSM47972,-1
GSM2086,-1
GSM66680,-1
GSM76130,-1
GSM14540,-1
GSM29075,-1
GSM47973,-1
GSM66675,-1
GSM76131,-1
GSM14541,-1
GSM29076,-1
GSM47974,-1
GSM66686,-1
GSM76132,-1
GSM14542,-1
GSM29078,-1
GSM47975,-1
GSM66681,-1
GSM76133,-1
GSM14543,-1
GSM47976,-1
GSM76134,-1
GSM14544,-1
GSM76135,-1
GSM14545,-1
GSM76136,-1
GSM14546,-1
GSM76137,-1
GSM14547,-1
GSM76138,-1
GSM14548,-1
GSM76139,-1
GSM14549,-1
GSM76140,-1
GSM14550,-1
GSM76141,-1
GSM14551,-1
GSM76142,-1
GSM14552,-1
GSM76143,-1
GSM76144,-1
GSM76145,-1
GSM76146,-1
GSM76147,-1
GSM76148,-1
GSM76149,-1
GSM76150,-1
GSM76151,-1
GSM76152,-1
GSM76153,-1
GSM76154,-1
GSM76155,-1
GSM76156,-1
GSM432598,-1
GSM432600,-1
GSM432601,-1
GSM432602,-1
GSM432603,-1
GSM432604,-1
GSM432605,-1
GSM432606,-1
GSM432607,-1
GSM432608,-1
GSM432609,-1
GSM531983,-1
GSM531985,-1
GSM531988,-1
GSM475204,0
GSM475205,0
GSM475206,0
GSM475207,0
GSM475208,0
GSM475209,0
GSM554076,-1
GSM554078,-1
GSM554080,-1
GSM554082,-1
GSM554084,-1
GSM554086,-1
GSM554088,-1
GSM554090,-1
GSM554092,-1
GSM554094,-1
GSM554096,-1
GSM554098,-1
GSM554100,-1
GSM554102,-1
GSM554104,-1
GSM554106,-1
GSM554108,-1
GSM554110,-1
GSM554112,-1
GSM554114,-1
GSM554116,-1
GSM554118,-1
GSM554120,-1
GSM554122,-1
GSM554124,-1
GSM554126,-1
GSM554128,-1
GSM554130,-1
GSM554132,-1
GSM554134,-1
GSM563061,-1
GSM597204,-1
GSM597205,-1
GSM597206,-1
GSM597207,-1
GSM597208,-1
GSM597209,-1
GSM602579,-1
GSM602581,-1
GSM602582,-1
GSM602585,-1
GSM602587,-1
GSM602588,-1
GSM602589,-1
GSM602590,-1
GSM602592,-1
GSM602593,-1
GSM602594,-1
GSM602595,-1
GSM602596,-1
GSM1239118,-1
GSM1239119,-1
GSM1239120,-1
GSM1239121,-1
GSM1239122,-1
GSM1239123,-1
GSM1239124,-1
GSM1239125,-1
GSM1239126,-1
GSM1239127,-1
GSM1239128,-1
GSM1239129,-1
GSM1239130,-1
GSM1239131,-1
GSM1239132,-1
GSM1239134,-1
GSM1239135,-1
GSM1241350,-1
GSM1241351,-1
GSM1241352,-1
GSM1241353,-1
GSM1241354,-1
GSM1241355,-1
GSM1241356,-1
GSM1241357,-1
GSM1241358,-1
GSM1241359,-1
GSM1241360,-1
GSM1241361,-1
GSM1241362,-1
GSM1241363,-1
GSM1241364,-1
GSM1241365,-1
GSM1241366,-1
GSM1241367,-1
GSM1241368,-1
GSM1241369,-1
GSM1241370,-1
GSM1241371,-1
GSM1241372,-1
GSM1241373,-1
GSM1241374,-1
GSM1241375,-1
GSM1241376,-1
GSM1241377,-1
GSM1241378,-1
GSM1241379,-1
GSM1241380,-1
GSM1241381,-1
GSM1241382,-1
GSM1241383,-1
GSM1241384,-1
GSM1241385,-1
GSM1241386,-1
GSM1241387,-1
GSM1243287,-1
GSM1243292,-1
GSM1252944,-1
GSM1259105,-1
GSM1259106,-1
GSM1259108,-1
GSM1259109,-1
GSM1259110,-1
GSM1259111,-1
GSM1259112,-1
GSM1259113,-1
GSM1259114,-1
GSM1259118,-1
GSM1259119,-1
GSM1259120,-1
GSM1259121,-1
GSM1259123,-1
GSM1260479,-1
GSM1260481,-1
GSM1260483,-1
GSM1260485,-1
GSM1260487,-1
GSM1260489,-1
GSM1260491,-1
GSM1260493,-1
GSM1260495,-1
GSM1260497,-1
GSM1260499,-1
GSM1260501,-1
GSM1260503,-1
GSM1260505,-1
GSM1260507,-1
GSM1260509,-1
GSM1260511,-1
GSM1260513,-1
GSM1260515,-1
GSM1260517,-1
GSM1260519,-1
GSM1260521,-1
GSM1260523,-1
GSM1260525,-1
GSM1260527,-1
GSM1260529,-1
GSM1260531,-1
GSM1260533,-1
GSM1260535,-1
GSM1260537,-1
GSM1260539,-1
GSM1260541,-1
GSM1260543,-1
GSM1260545,-1
GSM1260547,-1
GSM1260549,-1
GSM1260551,-1
GSM1260553,-1
GSM1260555,-1
GSM1260557,-1
GSM1260559,-1
GSM1260561,-1
GSM1260563,-1
GSM1260565,-1
GSM1260567,-1
GSM1260569,-1
GSM1260571,-1
GSM1260573,-1
GSM1260575,-1
GSM1260577,-1
GSM1260579,-1
GSM1260581,-1
GSM1260583,-1
GSM1260585,-1
GSM1261016,-1
GSM1261017,-1
GSM1261018,-1
GSM1261019,-1
GSM1261020,-1
GSM1261021,-1
GSM1261022,-1
GSM1261023,-1
GSM1261024,-1
GSM1261025,-1
GSM1261026,-1
GSM1261027,-1
GSM1261028,-1
GSM1261029,-1
GSM1261030,-1
GSM1261031,-1
GSM1261032,-1
GSM1261033,-1
GSM1261034,-1
GSM1261035,-1
GSM1261651,-1
GSM1261652,-1
GSM1261653,-1
GSM1261654,-1
GSM1261884,-1
GSM1261885,-1
GSM1261886,-1
GSM1261887,-1
GSM1261888,-1
GSM1261889,-1
GSM1261890,-1
GSM1261891,-1
GSM1261893,-1
GSM1261894,-1
GSM1261895,-1
GSM1261896,-1
GSM1261897,-1
GSM1261898,-1
GSM1261899,-1
GSM1261900,-1
GSM1261901,-1
GSM1255336,-1
GSM1273055,-1
GSM1273056,-1
GSM1273058,-1
GSM1273061,-1
GSM1273065,-1
GSM1273068,-1
GSM1273616,-1
GSM1273617,-1
GSM1273618,-1
GSM1273835,-1
GSM1273836,-1
GSM1273837,-1
GSM1273838,-1
GSM1273839,-1
GSM1273840,-1
GSM1273841,-1
GSM1273842,-1
GSM1273843,-1
GSM1273844,-1
GSM1273845,-1
GSM1273846,-1
GSM1273847,-1
GSM1278454,-1
GSM1278455,-1
GSM1278456,-1
GSM1278457,-1
GSM1278458,-1
GSM1278459,-1
GSM1278460,-1
GSM1278462,-1
GSM1278463,-1
GSM1278464,-1
GSM1278465,-1
GSM1278466,-1
GSM1278467,-1
GSM1278468,-1
GSM1278469,-1
GSM1278470,-1
GSM1278471,-1
GSM1278472,-1
GSM1278473,-1
GSM1281711,-1
GSM1281745,-1
GSM1288369,-1
GSM1288370,-1
GSM1288371,-1
GSM1288372,-1
GSM1288373,-1
GSM1288374,-1
GSM1288375,-1
GSM1288376,-1
GSM1288377,-1
GSM1288378,-1
GSM1288380,-1
GSM1288382,-1
GSM1288383,-1
GSM1288384,-1
GSM1288386,-1
GSM1288390,-1
GSM1293741,-1
GSM1293742,-1
GSM1293743,-1
GSM1293744,-1
GSM1293745,-1
GSM1293746,-1
GSM1293747,-1
GSM1293748,-1
GSM1293749,-1
GSM1293750,-1
GSM1296623,-1
GSM1296624,-1
GSM1296625,-1
GSM1296626,-1
GSM1296627,-1
GSM1296628,-1
GSM1296629,-1
GSM1302027,-1
GSM1302028,-1
GSM1302029,-1
GSM1302030,-1
GSM1302031,-1
GSM1302032,-1
GSM1180717,-1
GSM1180720,-1
GSM1180723,-1
GSM1180726,-1
GSM1180727,-1
GSM1303926,-1
GSM1303928,-1
GSM1303930,-1
GSM1303932,-1
GSM1303934,-1
GSM1314621,-1
GSM1314622,-1
GSM1314623,-1
GSM1314624,-1
GSM1315608,-1
GSM1315609,-1
GSM1315610,-1
GSM1315612,-1
GSM1315613,-1
GSM1315615,-1
GSM1315617,-1
GSM1315618,-1
GSM1315621,-1
GSM1315623,-1
GSM1315625,-1
GSM1315627,-1
GSM1315629,-1
GSM1315630,-1
GSM1315631,-1
GSM1315632,-1
GSM1315633,-1
GSM1315634,-1
GSM1315635,-1
GSM1315636,-1
GSM1315637,-1
GSM1315638,-1
GSM1315639,-1
GSM1315640,-1
GSM1315641,-1
GSM1315642,-1
GSM1315643,-1
GSM1315644,-1
GSM1315645,-1
GSM1315646,-1
GSM1315647,-1
GSM1315648,-1
GSM1315649,-1
GSM1315650,-1
GSM1315651,-1
GSM1315652,-1
GSM1315653,-1
GSM1315654,-1
GSM1315655,-1
GSM1315656,-1
GSM1315657,-1
GSM1315658,-1
GSM1315659,-1
GSM1315660,-1
GSM1315661,-1
GSM1315662,-1
GSM1315663,-1
GSM1315664,-1
GSM1315665,-1
GSM1315666,-1
GSM1315667,-1
GSM1315668,-1
GSM1315669,-1
GSM1315670,-1
GSM1315671,-1
GSM1315672,-1
GSM1315673,-1
GSM1315674,-1
GSM1315675,-1
GSM1315676,-1
GSM1315677,-1
GSM1315678,-1
GSM1315679,-1
GSM1315680,-1
GSM1315681,-1
GSM1315682,-1
GSM1315683,-1
GSM1315684,-1
GSM1315685,-1
GSM1315686,-1
GSM1315687,-1
GSM1315688,-1
GSM1315689,-1
GSM1315690,-1
GSM1315691,-1
GSM1315692,-1
GSM1315693,-1
GSM1315694,-1
GSM1315695,-1
GSM1315696,-1
GSM1315697,-1
GSM1315698,-1
GSM1315699,-1
GSM1315700,-1
GSM1315701,-1
GSM1315702,-1
GSM1315703,-1
GSM1315704,-1
GSM1315705,-1
GSM1315706,-1
GSM1315707,-1
GSM1315708,-1
GSM1315709,-1
GSM1315710,-1
GSM1315711,-1
GSM1315712,-1
GSM1315713,-1
GSM1315714,-1
GSM1315715,-1
GSM1315716,-1
GSM1315717,-1
GSM1315718,-1
GSM1315719,-1
GSM1315720,-1
GSM1315721,-1
GSM1315722,-1
GSM1315723,-1
GSM1315724,-1
GSM1315725,-1
GSM1315726,-1
GSM1315727,-1
GSM1315728,-1
GSM1315729,-1
GSM1315730,-1
GSM1315731,-1
GSM1315732,-1
GSM1315733,-1
GSM1315734,-1
GSM1315735,-1
GSM1315736,-1
GSM1315737,-1
GSM1315738,-1
GSM1315739,-1
GSM1315740,-1
GSM1315741,-1
GSM1315742,-1
GSM1315743,-1
GSM1315744,-1
GSM1315745,-1
GSM1315746,-1
GSM1315747,-1
GSM1315748,-1
GSM1315749,-1
GSM1315750,-1
GSM1315751,-1
GSM1315752,-1
GSM1315753,-1
GSM1315754,-1
GSM1315755,-1
GSM1315756,-1
GSM1315757,-1
GSM1315758,-1
GSM1315759,-1
GSM1315760,-1
GSM1315761,-1
GSM1315762,-1
GSM1315763,-1
GSM1315764,-1
GSM1315765,-1
GSM1315766,-1
GSM1315767,-1
GSM1315768,-1
GSM1315769,-1
GSM1315770,-1
GSM1315771,-1
GSM1315772,-1
GSM1315773,-1
GSM1315774,-1
GSM1315775,-1
GSM1315776,-1
GSM1315777,-1
GSM1315778,-1
GSM1315779,-1
GSM1315780,-1
GSM1315781,-1
GSM1315782,-1
GSM1315783,-1
GSM1315784,-1
GSM1315785,-1
GSM1315786,-1
GSM1315788,-1
GSM1315789,-1
GSM1315790,-1
GSM1317868,-1
GSM1317870,-1
GSM1317874,-1
GSM1322897,-1
GSM1322898,-1
GSM1322899,-1
GSM1322900,-1
GSM1322901,-1
GSM1322902,-1
GSM1322903,-1
GSM1322904,-1
GSM1323648,-1
GSM1323649,-1
GSM1323650,-1
GSM1323651,-1
GSM1323652,-1
GSM1323653,-1
GSM1323655,-1
GSM1323656,-1
GSM1323657,-1
GSM1323658,-1
GSM1323659,-1
GSM1323660,-1
GSM1323661,-1
GSM1323662,-1
GSM1323663,-1
GSM1323664,-1
GSM1323665,-1
GSM1323666,-1
GSM1323667,-1
GSM1323668,-1
GSM1323669,-1
GSM1323670,-1
GSM1323671,-1
GSM1323672,-1
GSM1323673,-1
GSM1323674,-1
GSM1323675,-1
GSM1323676,-1
GSM1323677,-1
GSM1323678,-1
GSM1323679,-1
GSM1323680,-1
GSM1323682,-1
GSM1323683,-1
GSM1323685,-1
GSM1323686,-1
GSM1323687,-1
GSM1323688,-1
GSM1323689,-1
GSM1323690,-1
GSM1323691,-1
GSM1323692,-1
GSM1323694,-1
GSM1323695,-1
GSM1323696,-1
GSM1323697,-1
GSM1323698,-1
GSM1323699,-1
GSM1323700,-1
GSM1323701,-1
GSM1323703,-1
GSM1323704,-1
GSM1323705,-1
GSM1323706,-1
GSM1323707,-1
GSM1323708,-1
GSM1323709,-1
GSM1323711,-1
GSM1323713,-1
GSM1323714,-1
GSM1323715,-1
GSM1323716,-1
GSM1323717,-1
GSM1323718,-1
GSM1323719,-1
GSM1323720,-1
GSM1323722,-1
GSM1323723,-1
GSM1323724,-1
GSM1323725,-1
GSM1323727,-1
GSM1323728,-1
GSM1323729,-1
GSM1323730,-1
GSM1323731,-1
GSM1323732,-1
GSM1323733,-1
GSM1323734,-1
GSM1323735,-1
GSM1323736,-1
GSM1323737,-1
GSM1323738,-1
GSM1323739,-1
GSM1323740,-1
GSM1323741,-1
GSM1323742,-1
GSM1323743,-1
GSM1323745,-1
GSM1323746,-1
GSM1323747,-1
GSM1323748,-1
GSM1323749,-1
GSM1323750,-1
GSM1323751,-1
GSM1323752,-1
GSM1327874,-1
GSM1327875,-1
GSM1327876,-1
GSM1327877,-1
GSM1327878,-1
GSM1327879,-1
GSM1327880,-1
GSM1328789,-1
GSM1328790,-1
GSM1328791,-1
GSM1328792,-1
GSM1328793,-1
GSM1328794,-1
GSM1328795,-1
GSM1328796,-1
GSM1335668,-1
GSM1335670,-1
GSM1335672,-1
GSM1335674,-1
GSM1335676,-1
GSM1335678,-1
GSM1335680,-1
GSM1335682,-1
GSM1335684,-1
GSM1335686,-1
GSM1335688,-1
GSM1335690,-1
GSM1335692,-1
GSM1335694,-1
GSM1335696,-1
GSM1335698,-1
GSM1338124,-1
GSM1338125,-1
GSM1338126,-1
GSM1338127,-1
GSM1338128,-1
GSM1338129,-1
GSM1338130,-1
GSM1338131,-1
GSM1338132,-1
GSM1338133,-1
GSM1338134,-1
GSM1338135,-1
GSM1338136,-1
GSM1338137,-1
GSM1338138,-1
GSM1338139,-1
GSM1338140,-1
GSM1338141,-1
GSM1338142,-1
GSM1342284,-1
GSM1342285,-1
GSM1342286,-1
GSM1342288,-1
GSM1342289,-1
GSM1342290,-1
GSM1342291,-1
GSM1342890,-1
GSM1342891,-1
GSM1342892,-1
GSM1342893,-1
GSM1342894,-1
GSM1342895,-1
GSM1342896,-1
GSM1342897,-1
GSM1342898,-1
GSM1342899,-1
GSM1342900,-1
GSM1342901,-1
GSM1342903,-1
GSM1342904,-1
GSM1342905,-1
GSM1350442,-1
GSM1354841,-1
GSM1354842,-1
GSM1354843,-1
GSM1354844,-1
GSM1354845,-1
GSM1354846,-1
GSM1354847,-1
GSM1354848,-1
GSM1354849,-1
GSM1354850,-1
GSM1354851,-1
GSM1354852,-1
GSM1354853,-1
GSM1354854,-1
GSM1354855,-1
GSM1354856,-1
GSM1354857,-1
GSM1354858,-1
GSM1357994,-1
GSM1357995,-1
GSM1357996,-1
GSM1357997,-1
GSM1357998,-1
GSM1358004,-1
GSM1363505,-1
GSM1363506,-1
GSM1363507,-1
GSM1363508,-1
GSM1363509,-1
GSM1363510,-1
GSM1363511,-1
GSM1363512,-1
GSM1363513,-1
GSM1363514,-1
GSM1363515,-1
GSM1363516,-1
GSM1363517,-1
GSM1363518,-1
GSM1363519,-1
GSM1363520,-1
GSM1363521,-1
GSM1363522,-1
GSM1363523,-1
GSM1363524,-1
GSM1363525,-1
GSM1363526,-1
GSM1363527,-1
GSM1363528,-1
GSM1363529,-1
GSM1363530,-1
GSM1363531,-1
GSM1363532,-1
GSM1363533,-1
GSM1363534,-1
GSM1363535,-1
GSM1363536,-1
GSM1363537,-1
GSM1363538,-1
GSM1363539,-1
GSM1363540,-1
GSM1363541,-1
GSM1363542,-1
GSM1363543,-1
GSM1363544,-1
GSM1363545,-1
GSM1363546,-1
GSM1367027,-1
GSM1367028,-1
GSM1367029,-1
GSM1367030,-1
GSM1375991,-1
GSM1375996,-1
GSM1376020,-1
GSM1376023,-1
GSM1376037,-1
GSM1376043,-1
GSM1376047,-1
GSM1376049,-1
GSM1376053,-1
GSM1376054,-1
GSM1376057,-1
GSM1376073,-1
GSM1376084,-1
GSM1376088,-1
GSM1376093,-1
GSM1376102,-1
GSM1376106,-1
GSM1376107,-1
GSM1376115,-1
GSM1376124,-1
GSM1376147,-1
GSM1376157,-1
GSM1376160,-1
GSM1376165,-1
GSM1376171,-1
GSM1376173,-1
GSM1377977,-1
GSM1377978,-1
GSM1377979,-1
GSM1377980,-1
GSM1377981,-1
GSM1380718,-1
GSM1380719,-1
GSM1380720,-1
GSM1389720,-1
GSM1389721,-1
GSM1389722,-1
GSM1389723,-1
GSM1389724,-1
GSM1389725,-1
GSM1389726,-1
GSM1389727,-1
GSM1389728,-1
GSM1389729,-1
GSM1389730,-1
GSM1389731,-1
GSM1389732,-1
GSM1389733,-1
GSM1389734,-1
GSM1389735,-1
GSM1389736,-1
GSM1389737,-1
GSM1396263,0
GSM1396264,0
GSM1396265,0
GSM1396266,0
GSM1396585,-1
GSM1396596,-1
GSM1396586,-1
GSM1396587,-1
GSM1396588,-1
GSM1396589,-1
GSM1396590,-1
GSM1396591,-1
GSM1396592,-1
GSM1396593,-1
GSM1396594,-1
GSM1396595,-1
GSM1396597,-1
GSM1396598,-1
GSM1396599,-1
GSM1396600,-1
GSM1396601,-1
GSM1396602,-1
GSM1396603,-1
GSM1396604,-1
GSM1396605,-1
GSM1396606,-1
GSM1396607,-1
GSM1396608,-1
GSM1396609,-1
GSM1267256,-1
GSM1267257,-1
GSM1267258,-1
GSM1267259,-1
GSM1267260,-1
GSM1267261,-1
GSM1267262,-1
GSM1267263,-1
GSM1267264,-1
GSM1267265,-1
GSM1267266,-1
GSM1267267,-1
GSM1267268,-1
GSM1267269,-1
GSM1267270,-1
GSM1399180,-1
GSM1399181,-1
GSM1401676,-1
GSM1401677,-1
GSM1401678,-1
GSM1401679,-1
GSM1401680,-1
GSM1401681,-1
GSM1401682,-1
GSM1401683,-1
GSM1401684,-1
GSM1401685,-1
GSM1401688,-1
GSM1401689,-1
GSM1401690,-1
GSM1401691,-1
GSM1401692,-1
GSM1401693,-1
GSM1401694,-1
GSM1401695,-1
GSM1401697,-1
GSM1401698,-1
GSM1401699,-1
GSM1401701,-1
GSM1401702,-1
GSM1401703,-1
GSM1401706,-1
GSM1401708,-1
GSM1401709,-1
GSM1401710,-1
GSM1401711,-1
GSM1401712,-1
GSM1401713,-1
GSM1401714,-1
GSM1401715,-1
GSM1401716,-1
GSM1401717,-1
GSM1401718,-1
GSM1401719,-1
GSM1401720,-1
GSM1401721,-1
GSM1401722,-1
GSM1401727,-1
GSM1401728,-1
GSM1401729,-1
GSM1401730,-1
GSM1401731,-1
GSM1401732,-1
GSM1401735,-1
GSM1401737,-1
GSM1401738,-1
GSM1401739,-1
GSM1401740,-1
GSM1401741,-1
GSM1401742,-1
GSM1401744,-1
GSM1401745,-1
GSM1401748,-1
GSM1401749,-1
GSM1401750,-1
GSM1401752,-1
GSM1401754,-1
GSM1401756,-1
GSM1401757,-1
GSM1401758,-1
GSM1401759,-1
GSM1401765,-1
GSM1401766,-1
GSM1401770,-1
GSM1401771,-1
GSM1401774,-1
GSM1401775,-1
GSM1401779,-1
GSM1401788,-1
GSM1401789,-1
GSM1401790,-1
GSM1401791,-1
GSM1401792,-1
GSM1401793,-1
GSM1401794,-1
GSM1401797,-1
GSM1401802,-1
GSM1401812,-1
GSM1402482,-1
GSM1402483,-1
GSM1402484,-1
GSM1402485,-1
GSM1402486,-1
GSM1402487,-1
GSM1402488,-1
GSM1402489,-1
GSM1402490,-1
GSM1402491,-1
GSM1402492,-1
GSM1402493,-1
GSM1402494,-1
GSM1402495,-1
GSM1402496,-1
GSM1402497,-1
GSM1409335,-1
GSM1409336,-1
GSM1409337,-1
GSM1409338,-1
GSM1409339,-1
GSM1409340,-1
GSM1409341,-1
GSM1409342,-1
GSM1409343,-1
GSM1409344,-1
GSM1409345,-1
GSM1409346,-1
GSM1409347,-1
GSM1409348,-1
GSM1409349,-1
GSM1409351,-1
GSM1409352,-1
GSM1409353,-1
GSM1409354,-1
GSM1409687,-1
GSM1409688,-1
GSM1409689,-1
GSM1409690,-1
GSM1409691,-1
GSM1409692,-1
GSM1409693,-1
GSM1409694,-1
GSM1409695,-1
GSM1409696,-1
GSM1409697,-1
GSM1409698,-1
GSM1409699,-1
GSM1409702,-1
GSM1409703,-1
GSM1409704,-1
GSM1409705,-1
GSM1409706,-1
GSM1409707,-1
GSM1409708,-1
GSM1409709,-1
GSM1162986,-1
GSM1411125,-1
GSM1411129,-1
GSM1411133,-1
GSM1412698,-1
GSM1412699,-1
GSM1412700,-1
GSM1412701,-1
GSM1412702,-1
GSM1412703,-1
GSM1412704,-1
GSM1412705,-1
GSM1412706,-1
GSM1412707,-1
GSM1412708,-1
GSM1412709,-1
GSM1412710,-1
GSM1412711,-1
GSM1412712,-1
GSM1412713,-1
GSM1412714,-1
GSM1412715,-1
GSM1412716,-1
GSM1412717,-1
GSM1412718,-1
GSM1412719,-1
GSM1412720,-1
GSM1412721,-1
GSM1414962,-1
GSM1414971,-1
GSM1414972,-1
GSM1414973,-1
GSM1414974,-1
GSM1415126,-1
GSM1415127,-1
GSM1415128,-1
GSM1415129,-1
GSM1415130,-1
GSM1415131,-1
GSM1415132,-1
GSM1415133,-1
GSM1415134,-1
GSM1415135,-1
GSM1415136,-1
GSM1415137,-1
GSM1415138,-1
GSM1415139,-1
GSM1415140,-1
GSM1415141,-1
GSM1415142,-1
GSM1415143,-1
GSM1415144,-1
GSM1415145,-1
GSM1415146,-1
GSM1415147,-1
GSM1415148,-1
GSM1415149,-1
GSM1416804,-1
GSM1417177,-1
GSM1417178,-1
GSM1417179,-1
GSM1417180,-1
GSM1417181,-1
GSM1423110,-1
GSM1423111,-1
GSM1423112,-1
GSM1423113,-1
GSM1423114,-1
GSM1423115,-1
GSM1423116,-1
GSM1423117,-1
GSM1423118,-1
GSM1423119,-1
GSM1423120,-1
GSM1423121,-1
GSM1423122,-1
GSM1423123,-1
GSM1423124,-1
GSM1423125,-1
GSM1423126,-1
GSM1423127,-1
GSM1423128,-1
GSM1423129,-1
GSM1423130,-1
GSM1425760,-1
GSM1425763,-1
GSM1425771,-1
GSM1425772,-1
GSM1425774,-1
GSM1425775,-1
GSM1425777,-1
GSM1425778,-1
GSM1425779,-1
GSM1425780,-1
GSM1425782,-1
GSM1425783,-1
GSM1440448,0
GSM1440449,0
GSM1440450,0
GSM1440451,0
GSM1440452,0
GSM1440453,0
GSM1440454,0
GSM1440455,0
GSM1440456,0
GSM1440457,0
GSM1440458,0
GSM1440459,0
GSM1440460,0
GSM1440461,0
GSM1440462,0
GSM1440463,0
GSM1440464,0
GSM1440465,0
GSM1440466,0
GSM1440467,0
GSM1440468,0
GSM1440469,0
GSM1440470,0
GSM1440471,0
GSM1440472,0
GSM1440473,0
GSM1440474,0
GSM1440475,0
GSM1440476,0
GSM1440477,0
GSM1440478,0
GSM1440479,0
GSM1440480,0
GSM1440481,0
GSM1440482,0
GSM1440483,0
GSM1440484,0
GSM1440485,0
GSM1440486,0
GSM1465293,-1
GSM1465294,-1
GSM1479433,-1
GSM1479436,-1
GSM1479437,-1
GSM1479505,-1
GSM1479512,-1
GSM1479519,-1
GSM1479526,-1
GSM1479533,-1
GSM1479539,-1
GSM1479546,-1
GSM1479566,-1
GSM1480987,-1
GSM1480989,-1
GSM1480990,-1
GSM1480991,-1
GSM1480992,-1
GSM1482932,-1
GSM1482933,-1
GSM1482934,-1
GSM1482935,-1
GSM1482936,-1
GSM1482937,-1
GSM1482938,-1
GSM1482939,-1
GSM1482940,-1
GSM1482941,-1
GSM1482942,-1
GSM1482943,-1
GSM1482944,-1
GSM1482945,-1
GSM1482946,-1
GSM1482947,-1
GSM1482948,-1
GSM1482949,-1
GSM1482950,-1
GSM1482951,-1
GSM1482952,-1
GSM1482953,-1
GSM1482954,-1
GSM1482955,-1
GSM1482956,-1
GSM1482957,-1
GSM1482958,-1
GSM1482959,-1
GSM1482960,-1
GSM1482961,-1
GSM1482962,-1
GSM1482963,-1
GSM1482964,-1
GSM1484329,-1
GSM1489558,-1
GSM1489559,-1
GSM1489560,-1
GSM1489561,-1
GSM1489562,-1
GSM1489563,-1
GSM1489564,-1
GSM1489565,-1
GSM1489566,-1
GSM1489567,-1
GSM1489568,-1
GSM1489569,-1
GSM1489570,-1
GSM1489571,-1
GSM1489572,-1
GSM1489573,-1
GSM1489574,-1
GSM1489575,-1
GSM1489576,-1
GSM1489577,-1
GSM1489578,-1
GSM1489579,-1
GSM1489580,-1
GSM1489581,-1
GSM1489582,-1
GSM1489583,-1
GSM1489584,-1
GSM1489585,-1
GSM1489586,-1
GSM1489587,-1
GSM1489588,-1
GSM1489589,-1
GSM1489590,-1
GSM1489591,-1
GSM1489592,-1
GSM1489593,-1
GSM1489594,-1
GSM1489595,-1
GSM1489596,-1
GSM1489597,-1
GSM1489598,-1
GSM1489599,-1
GSM1489600,-1
GSM1489601,-1
GSM1489602,-1
GSM1489603,-1
GSM1489604,-1
GSM1489605,-1
GSM1489606,-1
GSM1489607,-1
GSM1489608,-1
GSM1489609,-1
GSM1489610,-1
GSM1489611,-1
GSM1489612,-1
GSM1489613,-1
GSM1489614,-1
GSM1489615,-1
GSM1489616,-1
GSM1489617,-1
GSM1489618,-1
GSM1489619,-1
GSM1489620,-1
GSM1489621,-1
GSM1489622,-1
GSM1489623,-1
GSM1489624,-1
GSM1489625,-1
GSM1493974,0
GSM1493975,0
GSM1493976,0
GSM1495249,0
GSM1495250,0
GSM1495251,0
GSM1495252,0
GSM1495253,0
GSM1505565,-1
GSM1505566,-1
GSM1505567,-1
GSM1505568,-1
GSM1505569,-1
GSM1505570,-1
GSM1505571,-1
GSM1505572,-1
GSM1505573,-1
GSM1505574,-1
GSM1505575,-1
GSM1505576,-1
GSM1505577,0
GSM1505578,-1
GSM1505579,-1
GSM1505581,-1
GSM1505582,-1
GSM1505583,-1
GSM1505584,-1
GSM1505585,-1
GSM1505586,-1
GSM1505587,-1
GSM1505588,-1
GSM1505589,-1
GSM1505595,-1
GSM1505597,-1
GSM1505598,-1
GSM1505599,-1
GSM1505601,-1
GSM1505602,0
GSM1505603,-1
GSM1505604,-1
GSM1505606,-1
GSM1505607,-1
GSM1505608,-1
GSM1505609,-1
GSM1505610,-1
GSM1505611,-1
GSM1505612,-1
GSM1505613,-1
GSM1505614,-1
GSM1517598,-1
GSM1517599,-1
GSM1519616,0
GSM1519617,0
GSM1519622,0
GSM1519625,0
GSM1519626,0
GSM1519627,0
GSM1521543,-1
GSM1521547,-1
GSM1521549,-1
GSM1521550,-1
GSM1521551,-1
GSM1521552,-1
GSM1521554,-1
GSM1521556,-1
GSM1521557,-1
GSM1521559,-1
GSM1521561,-1
GSM1521562,-1
GSM1521563,-1
GSM1521564,-1
GSM1521565,-1
GSM1521566,-1
GSM1521568,-1
GSM1521569,-1
GSM1521571,-1
GSM1521572,-1
GSM1521573,-1
GSM1521574,-1
GSM1521575,-1
GSM1521576,-1
GSM1521577,-1
GSM1521580,-1
GSM1521584,-1
GSM1521586,-1
GSM1521591,-1
GSM1521592,-1
GSM1521593,-1
GSM1521594,-1
GSM1521597,-1
GSM1521601,-1
GSM1521602,-1
GSM1521603,-1
GSM1521604,-1
GSM1521607,-1
GSM1521609,-1
GSM1521612,-1
GSM1521615,-1
GSM1521620,-1
GSM1522209,-1
GSM1522210,-1
GSM1522211,-1
GSM1522212,-1
GSM1522213,-1
GSM1522214,-1
GSM1522215,-1
GSM1522216,-1
GSM1522217,-1
GSM1522218,-1
GSM1522219,-1
GSM1522220,-1
GSM1522221,-1
GSM1522222,-1
GSM1522223,-1
GSM1522224,-1
GSM1522225,-1
GSM1522226,-1
GSM1522227,-1
GSM1522228,-1
GSM1522230,-1
GSM1522231,-1
GSM1522232,-1
GSM1522233,-1
GSM1522234,-1
GSM1522235,-1
GSM1522236,-1
GSM1522237,-1
GSM1522239,-1
GSM1522240,-1
GSM1522241,-1
GSM1522242,-1
GSM1522243,-1
GSM1522244,-1
GSM1522245,-1
GSM1522246,-1
GSM1522247,-1
GSM1522248,-1
GSM1522249,-1
GSM1522250,-1
GSM1522251,-1
GSM1522252,-1
GSM1522253,-1
GSM1522254,-1
GSM1522255,-1
GSM1522256,-1
GSM1522257,-1
GSM1522259,-1
GSM1522260,-1
GSM1522261,-1
GSM1522262,-1
GSM1522263,-1
GSM1522264,-1
GSM1522265,-1
GSM1522266,-1
GSM1522267,-1
GSM1522268,-1
GSM1522269,-1
GSM1522270,-1
GSM1522271,-1
GSM1522272,-1
GSM1522273,-1
GSM1522274,-1
GSM1522275,-1
GSM1522276,-1
GSM1522277,-1
GSM1522278,-1
GSM1522279,-1
GSM1522280,-1
GSM1522281,-1
GSM1522282,-1
GSM1522283,-1
GSM1522284,-1
GSM1522285,-1
GSM1522286,-1
GSM1522287,-1
GSM1522288,-1
GSM1522289,-1
GSM1522290,-1
GSM1522291,-1
GSM1522292,-1
GSM1522293,-1
GSM1522294,-1
GSM1522295,-1
GSM1522296,-1
GSM1522297,-1
GSM1522298,-1
GSM1522299,-1
GSM1522300,-1
GSM1522301,-1
GSM1522302,-1
GSM1522303,-1
GSM1522304,-1
GSM1522305,-1
GSM1522306,-1
GSM1522307,-1
GSM1522308,-1
GSM1522309,-1
GSM1522310,-1
GSM1522311,-1
GSM1522312,-1
GSM1522313,-1
GSM1522314,-1
GSM1522315,-1
GSM1522316,-1
GSM1522318,-1
GSM1522319,-1
GSM1522320,-1
GSM1522321,-1
GSM1522322,-1
GSM1522323,-1
GSM1522324,-1
GSM1522325,-1
GSM1522326,-1
GSM1522327,-1
GSM1522328,-1
GSM1522329,-1
GSM1522330,-1
GSM1522331,-1
GSM1522332,-1
GSM1522333,-1
GSM1522334,-1
GSM1522335,-1
GSM1522336,-1
GSM1522337,-1
GSM1522338,-1
GSM1522339,-1
GSM1522340,-1
GSM1522341,-1
GSM1522342,-1
GSM1522343,-1
GSM1522344,-1
GSM1522345,-1
GSM1522346,-1
GSM1522347,-1
GSM1522348,-1
GSM1522349,-1
GSM1522350,-1
GSM1522351,-1
GSM1522352,-1
GSM1522353,-1
GSM1522354,-1
GSM1522355,-1
GSM1522356,-1
GSM1522357,-1
GSM1522358,-1
GSM1522359,-1
GSM1522360,-1
GSM1522361,-1
GSM1522362,-1
GSM1522363,-1
GSM1522364,-1
GSM1522365,-1
GSM1522366,-1
GSM1522367,-1
GSM1522368,-1
GSM1522369,-1
GSM1522370,-1
GSM1522371,-1
GSM1522372,-1
GSM1522373,-1
GSM1522374,-1
GSM1522375,-1
GSM1522376,-1
GSM1522377,-1
GSM1522378,-1
GSM1522379,-1
GSM1522380,-1
GSM1522381,-1
GSM1522382,-1
GSM1522383,-1
GSM1522384,-1
GSM1522385,-1
GSM1522386,-1
GSM1522387,-1
GSM1522388,-1
GSM1522389,-1
GSM1522390,-1
GSM1522391,-1
GSM1522392,-1
GSM1522393,-1
GSM1522394,-1
GSM1522395,-1
GSM1522396,-1
GSM1522397,-1
GSM1522398,-1
GSM1522399,-1
GSM1522400,-1
GSM1522401,-1
GSM1522402,-1
GSM1522403,-1
GSM1522404,-1
GSM1522405,-1
GSM1522406,-1
GSM1522407,-1
GSM1522408,-1
GSM1522409,-1
GSM1522410,-1
GSM1522411,-1
GSM1522412,-1
GSM1522413,-1
GSM1522414,-1
GSM1522415,-1
GSM1522416,-1
GSM1522417,-1
GSM1522418,-1
GSM1522419,-1
GSM1522420,-1
GSM1522421,-1
GSM1522422,-1
GSM1522423,-1
GSM1522424,-1
GSM1522425,-1
GSM1522426,-1
GSM1522427,-1
GSM1522428,-1
GSM1522429,-1
GSM1522430,-1
GSM1522431,-1
GSM1522432,-1
GSM1522433,-1
GSM1522434,-1
GSM1522435,-1
GSM1522436,-1
GSM1522437,-1
GSM1522438,-1
GSM1522439,-1
GSM1522440,-1
GSM1522441,-1
GSM1522442,-1
GSM1522443,-1
GSM1522444,-1
GSM1522445,-1
GSM1522446,-1
GSM1522447,-1
GSM1522448,-1
GSM1522449,-1
GSM1522450,-1
GSM1522451,-1
GSM1522452,-1
GSM1522453,-1
GSM1522454,-1
GSM1522455,-1
GSM1522456,-1
GSM1522457,-1
GSM1522458,-1
GSM1522459,-1
GSM1522460,-1
GSM1522461,-1
GSM1522462,-1
GSM1522463,-1
GSM1522464,-1
GSM1522465,-1
GSM1522466,-1
GSM1522467,-1
GSM1522468,-1
GSM1522469,-1
GSM1522470,-1
GSM1522471,-1
GSM1522472,-1
GSM1522473,-1
GSM1522474,-1
GSM1522475,-1
GSM1522476,-1
GSM1522477,-1
GSM1522478,-1
GSM1522479,-1
GSM1522480,-1
GSM1522481,-1
GSM1522482,-1
GSM1522483,-1
GSM1522484,-1
GSM1522485,-1
GSM1522486,-1
GSM1522487,-1
GSM1522488,-1
GSM1522489,-1
GSM1522490,-1
GSM1522491,-1
GSM1522492,-1
GSM1522493,-1
GSM1522494,-1
GSM1522495,-1
GSM1522496,-1
GSM1522497,-1
GSM1522498,-1
GSM1522499,-1
GSM1522500,-1
GSM1522501,-1
GSM1522502,-1
GSM1522503,-1
GSM1522504,-1
GSM1522505,-1
GSM1522506,-1
GSM1522507,-1
GSM1522508,-1
GSM1522509,-1
GSM1522510,-1
GSM1522511,-1
GSM1522512,-1
GSM1522513,-1
GSM1522514,-1
GSM1522515,-1
GSM1522516,-1
GSM1522517,-1
GSM1522518,-1
GSM1523489,-1
GSM1523490,-1
GSM1523493,-1
GSM1523494,-1
GSM1523496,-1
GSM1523497,-1
GSM1523498,-1
GSM1528632,-1
GSM1528633,-1
GSM1528634,-1
GSM1528635,-1
GSM1528636,-1
GSM1528637,-1
GSM1528638,-1
GSM1528639,-1
GSM1528640,-1
GSM1528641,-1
GSM1528642,-1
GSM1528643,-1
GSM1528644,-1
GSM1528645,-1
GSM1528646,-1
GSM1528647,-1
GSM1528648,-1
GSM1528649,-1
GSM1528650,-1
GSM1528651,-1
GSM1528652,-1
GSM1528653,-1
GSM1528654,-1
GSM1528655,-1
GSM1528656,-1
GSM1528657,-1
GSM1528658,-1
GSM1528659,-1
GSM1528660,-1
GSM1528661,-1
GSM1528662,-1
GSM1528663,-1
GSM1528664,-1
GSM1528665,-1
GSM1528666,-1
GSM1528667,-1
GSM1528668,-1
GSM1528669,-1
GSM1528670,-1
GSM1528671,-1
GSM1528672,-1
GSM1528673,-1
GSM1528674,-1
GSM1528675,-1
GSM1528676,-1
GSM1528677,-1
GSM1528678,-1
GSM1528679,-1
GSM1528680,-1
GSM1528681,-1
GSM1528682,-1
GSM1528683,-1
GSM1528684,-1
GSM1528685,-1
GSM1532541,0
GSM1532542,0
GSM1532543,0
GSM1532544,0
GSM1547781,-1
GSM1547782,-1
GSM1547783,-1
GSM1547784,-1
GSM1548453,-1
GSM1548454,-1
GSM1548455,-1
GSM1548456,-1
GSM1548457,-1
GSM1548458,-1
GSM1548459,-1
GSM1548460,-1
GSM1548461,-1
GSM1548462,-1
GSM1548463,-1
GSM1548464,-1
GSM1548465,-1
GSM1548466,-1
GSM1415906,-1
GSM1415907,-1
GSM1415908,-1
GSM1415909,-1
GSM1415910,-1
GSM1415911,-1
GSM1415912,-1
GSM1415913,-1
GSM1415914,-1
GSM1415915,-1
GSM1415916,-1
GSM1415917,-1
GSM1415918,-1
GSM1415919,-1
GSM1415920,-1
GSM1415921,-1
GSM1551280,-1
GSM1551281,-1
GSM1551282,-1
GSM1551283,-1
GSM1551284,-1
GSM1551285,-1
GSM1551286,-1
GSM1551287,-1
GSM1551288,-1
GSM1551289,-1
GSM1551290,-1
GSM1551291,-1
GSM1551292,-1
GSM1551293,-1
GSM1551294,-1
GSM1551295,-1
GSM1551308,-1
GSM1551309,-1
GSM1551310,0
GSM1553412,-1
GSM1553413,-1
GSM1553414,-1
GSM1553415,-1
GSM1554463,0
GSM1554464,0
GSM1554465,-1
GSM1554466,-1
GSM1554467,-1
GSM1554468,-1
GSM1554577,-1
GSM1554578,-1
GSM1554579,-1
GSM1554580,-1
GSM1554581,-1
GSM1554582,-1
GSM1554583,-1
GSM1554584,-1
GSM1554585,-1
GSM1554586,-1
GSM1554587,-1
GSM1554588,-1
GSM1554589,-1
GSM1554590,-1
GSM1554591,-1
GSM1554592,-1
GSM1554593,-1
GSM1554594,-1
GSM1554595,-1
GSM1554596,-1
GSM1554597,-1
GSM1554598,-1
GSM1554599,-1
GSM1554600,-1
GSM1554601,-1
GSM1554602,-1
GSM1554603,-1
GSM1554604,-1
GSM1554605,-1
GSM1554606,-1
GSM1554607,-1
GSM1554608,-1
GSM1554609,-1
GSM1554610,-1
GSM1554611,-1
GSM1554612,-1
GSM1554613,-1
GSM1554614,-1
GSM1554615,-1
GSM1554616,-1
GSM1554617,-1
GSM1554618,-1
GSM1554619,-1
GSM1554620,-1
GSM1554621,-1
GSM1554622,-1
GSM1554623,-1
GSM1554624,-1
GSM1554625,-1
GSM1554626,-1
GSM1554627,-1
GSM1554628,-1
GSM1554629,-1
GSM1554630,-1
GSM1554631,-1
GSM1554632,-1
GSM1554633,-1
GSM1554634,-1
GSM1554635,-1
GSM1554636,-1
GSM1554637,-1
GSM1554638,-1
GSM1554639,-1
GSM1554640,-1
GSM1554641,-1
GSM1554642,-1
GSM1554643,-1
GSM1554644,-1
GSM1554645,-1
GSM1554646,-1
GSM1554647,-1
GSM1558056,-1
GSM1558057,-1
GSM1558058,-1
GSM1558059,-1
GSM1558060,-1
GSM1558061,-1
GSM1558062,-1
GSM1558063,-1
GSM1558064,-1
GSM1558065,-1
GSM1558066,-1
GSM1558067,-1
GSM1558068,-1
GSM1558069,-1
GSM1558070,-1
GSM1558071,-1
GSM1558601,-1
GSM1558602,-1
GSM1558603,-1
GSM1558604,-1
GSM1558605,-1
GSM1558606,-1
GSM1558607,-1
GSM1558608,-1
GSM1558609,-1
GSM1558610,-1
GSM1558611,-1
GSM1558612,-1
GSM1558613,-1
GSM1558614,-1
GSM1558615,-1
GSM1558616,-1
GSM1558617,-1
GSM1558618,-1
GSM1558619,-1
GSM1558620,-1
GSM1558621,-1
GSM1558622,-1
GSM1558623,-1
GSM1558624,-1
GSM1561610,-1
GSM1561611,-1
GSM1561612,-1
GSM1561613,-1
GSM1561614,-1
GSM1561615,-1
GSM1561616,-1
GSM1561617,-1
GSM1561618,-1
GSM1561619,-1
GSM1561620,-1
GSM1561621,-1
GSM1561622,-1
GSM1561623,-1
GSM1561624,-1
GSM1561625,-1
GSM1561626,-1
GSM1561627,-1
GSM1561628,-1
GSM1561629,-1
GSM1561630,-1
GSM1561631,-1
GSM1561632,-1
GSM1561633,-1
GSM1561634,-1
GSM1561635,-1
GSM1561636,-1
GSM1561637,-1
GSM1561638,-1
GSM1561639,-1
GSM1561640,-1
GSM1561641,-1
GSM1561642,-1
GSM1561643,-1
GSM1561644,-1
GSM1561645,-1
GSM1561646,-1
GSM1561647,-1
GSM1561648,-1
GSM1561649,-1
GSM1561650,-1
GSM1561651,-1
GSM1567911,-1
GSM1567912,-1
GSM1567913,-1
GSM1567914,-1
GSM1567915,-1
GSM1567930,-1
GSM1567931,-1
GSM1567932,-1
GSM1567939,-1
GSM1567940,-1
GSM1567941,-1
GSM1567942,-1
GSM1567943,-1
GSM1567944,-1
GSM1567945,-1
GSM1580937,-1
GSM1583160,-1
GSM1583161,-1
GSM1583162,-1
GSM1583163,-1
GSM1583164,-1
GSM1583165,-1
GSM1583166,-1
GSM1583167,-1
GSM1583168,-1
GSM1583169,-1
GSM1583170,-1
GSM1583171,-1
GSM1583172,-1
GSM1583173,-1
GSM1583174,-1
GSM1583175,-1
GSM1583176,-1
GSM1583177,-1
GSM1583178,-1
GSM1583179,-1
GSM1583180,-1
GSM1583181,-1
GSM1587421,-1
GSM1587422,-1
GSM1587423,-1
GSM1587424,-1
GSM1587425,-1
GSM1587426,-1
GSM1587427,-1
GSM1587428,-1
GSM1588892,-1
GSM1597909,-1
GSM1597910,-1
GSM1597911,-1
GSM1597912,-1
GSM1598127,-1
GSM1598128,-1
GSM1598129,-1
GSM1598130,-1
GSM1598131,-1
GSM1598132,-1
GSM1598133,-1
GSM1598134,-1
GSM1598408,-1
GSM1598409,-1
GSM1598410,-1
GSM1598411,-1
GSM1598412,-1
GSM1598413,-1
GSM1598414,-1
GSM1598415,-1
GSM1598416,-1
GSM1598419,-1
GSM1598420,-1
GSM1598422,-1
GSM1598423,-1
GSM1598424,-1
GSM1598425,-1
GSM1598428,-1
GSM1598429,-1
GSM1598430,-1
GSM1598431,-1
GSM1598432,-1
GSM1598433,-1
GSM1598434,-1
GSM1598436,-1
GSM1598437,-1
GSM1598439,-1
GSM1598444,-1
GSM1598447,-1
GSM1598450,-1
GSM1598452,-1
GSM1598453,-1
GSM1598454,-1
GSM1598455,-1
GSM1598456,-1
GSM1598457,-1
GSM1598458,-1
GSM1598459,-1
GSM1598460,-1
GSM1598463,-1
GSM1598464,-1
GSM1598465,-1
GSM1598466,-1
GSM1598467,-1
GSM1598468,-1
GSM1598469,-1
GSM1598470,-1
GSM1598473,-1
GSM1598475,-1
GSM1598476,-1
GSM1598477,-1
GSM1598478,-1
GSM1598480,-1
GSM1598481,-1
GSM1598482,-1
GSM1598498,-1
GSM1598499,-1
GSM1598500,-1
GSM1598501,-1
GSM1598502,-1
GSM1598503,-1
GSM1598504,-1
GSM1598505,-1
GSM1598506,-1
GSM1598507,-1
GSM1598508,-1
GSM1598509,-1
GSM1598510,-1
GSM1598511,-1
GSM1598512,-1
GSM1598513,-1
GSM1598514,-1
GSM1598515,-1
GSM1598516,-1
GSM1598517,-1
GSM1598518,-1
GSM1598519,-1
GSM1598520,-1
GSM1598521,-1
GSM1598522,-1
GSM1598523,-1
GSM1598526,-1
GSM1598529,-1
GSM1598530,-1
GSM1598531,-1
GSM1598532,-1
GSM1598533,-1
GSM1598535,-1
GSM1598536,-1
GSM1598537,-1
GSM1598538,-1
GSM1598539,-1
GSM1598540,-1
GSM1598541,-1
GSM1598542,-1
GSM1598543,-1
GSM1598544,-1
GSM1598545,-1
GSM1598546,-1
GSM1598547,-1
GSM1598548,-1
GSM1598549,-1
GSM1598551,-1
GSM1598552,-1
GSM1598553,-1
GSM1598554,-1
GSM1598555,-1
GSM1598556,-1
GSM1598557,-1
GSM1598558,-1
GSM1598559,-1
GSM1598560,-1
GSM1598561,-1
GSM1598562,-1
GSM1598563,-1
GSM1598564,-1
GSM1598565,-1
GSM1598566,-1
GSM1598567,-1
GSM1598568,-1
GSM1598569,-1
GSM1598570,-1
GSM1598571,-1
GSM1598572,-1
GSM1598573,-1
GSM1598574,-1
GSM1598575,-1
GSM1598576,-1
GSM1598577,-1
GSM1598578,-1
GSM1598579,-1
GSM1598580,-1
GSM1598581,-1
GSM1598582,-1
GSM1598583,-1
GSM1598584,-1
GSM1598585,-1
GSM1598586,-1
GSM1598588,-1
GSM1598589,-1
GSM1598590,-1
GSM1598591,-1
GSM1598593,-1
GSM1598594,-1
GSM1598595,-1
GSM1598596,-1
GSM1598597,-1
GSM1598598,-1
GSM1598600,-1
GSM1598601,-1
GSM1598602,-1
GSM1598603,-1
GSM1598604,-1
GSM1598605,-1
GSM1598606,-1
GSM1598607,-1
GSM1598608,-1
GSM1598609,-1
GSM1598610,-1
GSM1598611,-1
GSM1598612,-1
GSM1598613,-1
GSM1598614,-1
GSM1598615,-1
GSM1598616,-1
GSM1598617,-1
GSM1598618,-1
GSM1598619,-1
GSM1598620,-1
GSM1598621,-1
GSM1598622,-1
GSM1598623,-1
GSM1598624,-1
GSM1598625,-1
GSM1598626,-1
GSM1598627,-1
GSM1598628,-1
GSM1598629,-1
GSM1598630,-1
GSM1598631,-1
GSM1598632,-1
GSM1598633,-1
GSM1598634,-1
GSM1598635,-1
GSM1598636,-1
GSM1598637,-1
GSM1598638,-1
GSM1598639,-1
GSM1598640,-1
GSM1598641,-1
GSM1598642,-1
GSM1598643,-1
GSM1598644,-1
GSM1598645,-1
GSM1598646,-1
GSM1598647,-1
GSM1598648,-1
GSM1598649,-1
GSM1598650,-1
GSM1598651,-1
GSM1598652,-1
GSM1598653,-1
GSM1598654,-1
GSM1598655,-1
GSM1598656,-1
GSM1598657,-1
GSM1598658,-1
GSM1598659,-1
GSM1598660,-1
GSM1598662,-1
GSM1598663,-1
GSM1598664,-1
GSM1598665,-1
GSM1598667,-1
GSM1598668,-1
GSM1598669,-1
GSM1598670,-1
GSM1598671,-1
GSM1598672,-1
GSM1598673,-1
GSM1598674,-1
GSM1598675,-1
GSM1598676,-1
GSM1598677,-1
GSM1598678,-1
GSM1598679,-1
GSM1598680,-1
GSM1598681,-1
GSM1598682,-1
GSM1598683,-1
GSM1598684,-1
GSM1598685,-1
GSM1598686,-1
GSM1598687,-1
GSM1598688,-1
GSM1598689,-1
GSM1598690,-1
GSM1598691,-1
GSM1598692,-1
GSM1598693,-1
GSM1598694,-1
GSM1598695,-1
GSM1598696,-1
GSM1598697,-1
GSM1598698,-1
GSM1598699,-1
GSM1598700,-1
GSM1598702,-1
GSM1598703,-1
GSM1598704,-1
GSM1598705,-1
GSM1598706,-1
GSM1598707,-1
GSM1598708,-1
GSM1598709,-1
GSM1598710,-1
GSM1598711,-1
GSM1598712,-1
GSM1598713,-1
GSM1598714,-1
GSM1598715,-1
GSM1598716,-1
GSM1598717,-1
GSM1598718,-1
GSM1598719,-1
GSM1598720,-1
GSM1598721,-1
GSM1598722,-1
GSM1598723,-1
GSM1598724,-1
GSM1598725,-1
GSM1598726,-1
GSM1598727,-1
GSM1598728,-1
GSM1598729,-1
GSM1607081,-1
GSM1607082,-1
GSM1607083,-1
GSM1607084,-1
GSM1607085,-1
GSM1607086,-1
GSM1607087,-1
GSM1607088,-1
GSM1607089,-1
GSM1607090,-1
GSM1607091,-1
GSM1607092,-1
GSM1607093,-1
GSM1607094,-1
GSM1607095,-1
GSM1607096,-1
GSM1607097,-1
GSM1607098,-1
GSM1607099,-1
GSM1607100,-1
GSM1607101,-1
GSM1607102,-1
GSM1607103,-1
GSM1607104,-1
GSM1607105,-1
GSM1607106,-1
GSM1607107,-1
GSM1607108,-1
GSM1607109,-1
GSM1607110,-1
GSM1607111,-1
GSM1607112,-1
GSM1607113,-1
GSM1607114,-1
GSM1607115,-1
GSM1607116,-1
GSM1607117,-1
GSM1607118,-1
GSM1607119,-1
GSM1607120,-1
GSM1607177,-1
GSM1607178,-1
GSM1607179,-1
GSM1607180,-1
GSM1607181,-1
GSM1607182,-1
GSM1607183,-1
GSM1607184,-1
GSM1616912,-1
GSM1616913,-1
GSM1616914,-1
GSM1616915,-1
GSM1616916,-1
GSM1616917,-1
GSM1616918,-1
GSM1616919,-1
GSM1616920,-1
GSM1616921,-1
GSM1616922,-1
GSM1616923,-1
GSM1616924,-1
GSM1616925,-1
GSM1616926,-1
GSM1616927,-1
GSM1616928,-1
GSM1616929,-1
GSM1616930,-1
GSM1616931,-1
GSM1616932,-1
GSM1619134,-1
GSM1619135,-1
GSM1619136,-1
GSM1619137,-1
GSM1619138,-1
GSM1619140,-1
GSM1619141,-1
GSM1619142,-1
GSM1619143,-1
GSM1619144,-1
GSM1619145,-1
GSM1619146,-1
GSM1619147,-1
GSM1619148,-1
GSM1619149,-1
GSM1619151,-1
GSM1619152,-1
GSM1619154,-1
GSM1619155,-1
GSM1619156,-1
GSM1619157,-1
GSM1619158,-1
GSM1619159,-1
GSM1619160,0
GSM1619161,-1
GSM1619162,-1
GSM1619163,-1
GSM1619164,-1
GSM1619165,-1
GSM1619167,0
GSM1619169,-1
GSM1619171,-1
GSM1619173,-1
GSM1619174,-1
GSM1619175,-1
GSM1619176,-1
GSM1619177,-1
GSM1619178,-1
GSM1619179,-1
GSM1619180,-1
GSM1619181,-1
GSM1619182,-1
GSM1619183,-1
GSM1619185,-1
GSM1619186,-1
GSM1619187,-1
GSM1619188,-1
GSM1619189,-1
GSM1619190,-1
GSM1619191,-1
GSM1619192,-1
GSM1619193,-1
GSM1619195,-1
GSM1619196,-1
GSM1619198,-1
GSM1619199,-1
GSM1619200,-1
GSM1619201,-1
GSM1619202,-1
GSM1619203,-1
GSM1619204,-1
GSM1619205,0
GSM1619206,-1
GSM1619208,-1
GSM1619209,0
GSM1619211,-1
GSM1619212,-1
GSM1619213,-1
GSM1619214,-1
GSM1619215,-1
GSM1619216,-1
GSM1619217,-1
GSM1619218,-1
GSM1619219,-1
GSM1619220,-1
GSM1619221,-1
GSM1619222,-1
GSM1619223,-1
GSM1619224,-1
GSM1619225,-1
GSM1619226,-1
GSM1619227,-1
GSM1619228,-1
GSM1619229,-1
GSM1619233,-1
GSM1619234,-1
GSM1619235,-1
GSM1619236,-1
GSM1619237,-1
GSM1619238,-1
GSM1619239,-1
GSM1619242,-1
GSM1619243,-1
GSM1619244,-1
GSM1622588,-1
GSM1622589,-1
GSM1622590,-1
GSM1622591,-1
GSM1622592,-1
GSM1622593,-1
GSM1622594,-1
GSM1622595,-1
GSM1622596,-1
GSM1622597,-1
GSM1622598,-1
GSM1622599,-1
GSM1622600,-1
GSM1622601,-1
GSM1622602,-1
GSM1622603,-1
GSM1625675,-1
GSM1625676,-1
GSM1625677,-1
GSM1625678,-1
GSM1625679,-1
GSM1625680,-1
GSM1625681,-1
GSM1625682,-1
GSM1625683,-1
GSM1625684,-1
GSM1625685,-1
GSM1625686,-1
GSM1625687,-1
GSM1625688,-1
GSM1626439,-1
GSM1626440,-1
GSM1626441,-1
GSM1626442,-1
GSM1626443,-1
GSM1626444,-1
GSM1626445,-1
GSM1626446,-1
GSM1626447,-1
GSM1626448,-1
GSM1626449,-1
GSM1626450,-1
GSM1626451,-1
GSM1626452,-1
GSM1626453,-1
GSM1626454,-1
GSM1626455,-1
GSM1626456,-1
GSM1626457,-1
GSM1626458,-1
GSM1626459,-1
GSM1626460,-1
GSM1626461,-1
GSM1626462,-1
GSM1626463,-1
GSM1626464,-1
GSM1626465,-1
GSM1626466,-1
GSM1626467,-1
GSM1626468,-1
GSM1626469,-1
GSM1626470,-1
GSM1626471,-1
GSM1626472,-1
GSM1626473,-1
GSM1626474,-1
GSM1626475,-1
GSM1626476,-1
GSM1626477,-1
GSM1626478,-1
GSM1626479,-1
GSM1626480,-1
GSM1626481,-1
GSM1626482,-1
GSM1626483,-1
GSM1626484,-1
GSM1626485,-1
GSM1626486,-1
GSM1626487,-1
GSM1626488,-1
GSM1626489,-1
GSM1626490,-1
GSM1626491,-1
GSM1626492,-1
GSM1626493,-1
GSM1626494,-1
GSM1626495,-1
GSM1626496,-1
GSM1626497,-1
GSM1626498,-1
GSM1626499,-1
GSM1626500,-1
GSM1626501,-1
GSM1626502,-1
GSM1626503,-1
GSM1626504,-1
GSM1626505,-1
GSM1626506,-1
GSM1626507,-1
GSM1626508,-1
GSM1626509,-1
GSM1626510,-1
GSM1626511,-1
GSM1626512,-1
GSM1626513,-1
GSM1626514,-1
GSM1626515,-1
GSM1626516,-1
GSM1626517,-1
GSM1626518,-1
GSM1634279,-1
GSM1634280,-1
GSM1634282,-1
GSM1634283,-1
GSM1634284,-1
GSM1634285,-1
GSM1634286,-1
GSM1634287,-1
GSM1634288,-1
GSM1634289,-1
GSM1634290,-1
GSM1634293,-1
GSM1634295,-1
GSM1634296,-1
GSM1634298,-1
GSM715426,-1
GSM715427,-1
GSM715428,-1
GSM715429,-1
GSM715430,-1
GSM715431,-1
GSM715432,-1
GSM715433,-1
GSM715434,-1
GSM715435,-1
GSM715436,-1
GSM715437,-1
GSM715438,-1
GSM715439,-1
GSM715440,-1
GSM715446,-1
GSM715447,-1
GSM715448,-1
GSM715449,-1
GSM715451,-1
GSM715454,-1
GSM715455,-1
GSM715456,-1
GSM715457,-1
GSM715459,-1
GSM715461,-1
GSM715462,-1
GSM715464,-1
GSM715465,-1
GSM715466,-1
GSM715467,-1
GSM715470,-1
GSM715472,-1
GSM715475,-1
GSM715477,-1
GSM715478,-1
GSM715479,-1
GSM715480,-1
GSM715481,-1
GSM715482,-1
GSM715483,-1
GSM715484,-1
GSM715492,-1
GSM715493,-1
GSM715495,-1
GSM715496,-1
GSM715497,-1
GSM715498,-1
GSM1636667,-1
GSM1636670,-1
GSM1636671,-1
GSM1636673,-1
GSM1636674,-1
GSM1636675,-1
GSM1636676,-1
GSM1636678,-1
GSM1636680,-1
GSM1636681,-1
GSM1636685,-1
GSM1636686,-1
GSM1636687,-1
GSM1636689,-1
GSM1636692,-1
GSM1636696,-1
GSM1636697,-1
GSM1636698,-1
GSM1636699,-1
GSM1636701,-1
GSM1636704,-1
GSM1636707,-1
GSM1636708,-1
GSM1636709,-1
GSM1636710,-1
GSM1636711,-1
GSM1636712,-1
GSM1636713,-1
GSM1636715,-1
GSM1636716,-1
GSM1636717,-1
GSM1636718,-1
GSM1636719,-1
GSM1636720,-1
GSM1636721,-1
GSM1636722,-1
GSM1636723,-1
GSM1636724,-1
GSM1636725,-1
GSM1636727,-1
GSM1636728,-1
GSM1636729,-1
GSM1636730,-1
GSM1636733,-1
GSM1636734,-1
GSM1636736,-1
GSM1636737,-1
GSM1636738,-1
GSM1636739,-1
GSM1636740,-1
GSM1636741,-1
GSM1636742,-1
GSM1636745,-1
GSM1636749,-1
GSM1636755,-1
GSM1636757,-1
GSM1636759,-1
GSM1636760,-1
GSM1636763,-1
GSM1636765,-1
GSM1636770,-1
GSM1636772,-1
GSM1636773,-1
GSM1636774,-1
GSM1636776,-1
GSM1636777,-1
GSM1636778,-1
GSM1636779,-1
GSM1636780,-1
GSM1636781,-1
GSM1636782,-1
GSM1636783,-1
GSM1636784,-1
GSM1636785,-1
GSM1636787,-1
GSM1636788,-1
GSM1636789,-1
GSM1636791,-1
GSM1636792,-1
GSM1636794,-1
GSM1636797,-1
GSM1636798,-1
GSM1636799,-1
GSM1636800,-1
GSM1636802,-1
GSM1636804,-1
GSM1636805,-1
GSM1636807,-1
GSM1636808,-1
GSM1636811,-1
GSM1636812,-1
GSM1636814,-1
GSM1636815,-1
GSM1636817,-1
GSM1636820,-1
GSM1636822,-1
GSM1636832,-1
GSM1636833,-1
GSM1636834,-1
GSM1636836,-1
GSM1636837,-1
GSM1636840,-1
GSM1636844,-1
GSM1636846,-1
GSM1636849,-1
GSM1636851,-1
GSM1636852,-1
GSM1636853,-1
GSM1636854,-1
GSM1636855,-1
GSM1636859,-1
GSM1636860,-1
GSM1636862,-1
GSM1636864,-1
GSM1636868,-1
GSM1636869,-1
GSM1636870,-1
GSM1636872,-1
GSM1636875,-1
GSM1636876,-1
GSM1636877,-1
GSM1636880,-1
GSM1636881,-1
GSM1636883,-1
GSM1636889,-1
GSM1636890,-1
GSM1636892,-1
GSM1636893,-1
GSM1636894,-1
GSM1636896,-1
GSM1636901,-1
GSM1636902,-1
GSM1636903,-1
GSM1636904,-1
GSM1636907,-1
GSM1636908,-1
GSM1636911,-1
GSM1636913,-1
GSM1636914,-1
GSM1636917,-1
GSM1636918,-1
GSM1636921,-1
GSM1636926,-1
GSM1636927,-1
GSM1636928,-1
GSM1636929,-1
GSM1642309,-1
GSM1642321,-1
GSM1644996,-1
GSM1644997,-1
GSM1644998,-1
GSM1644999,-1
GSM1645000,-1
GSM1645001,-1
GSM1645002,-1
GSM1645003,-1
GSM1646679,-1
GSM1646680,-1
GSM1646681,-1
GSM1646683,-1
GSM1646684,-1
GSM1646688,-1
GSM1646692,-1
GSM1646696,-1
GSM1646697,-1
GSM1646698,-1
GSM1646701,-1
GSM1646702,-1
GSM1646708,-1
GSM1646709,-1
GSM1646710,-1
GSM1646711,-1
GSM1646718,-1
GSM1646721,-1
GSM1646723,-1
GSM1646724,-1
GSM1646726,-1
GSM1646732,-1
GSM1647922,-1
GSM1647923,-1
GSM1647924,-1
GSM1647925,-1
GSM1647926,-1
GSM1647927,-1
GSM1647928,-1
GSM1647929,-1
GSM1647930,-1
GSM1647931,-1
GSM1647932,-1
GSM1647933,-1
GSM1647934,-1
GSM1647935,-1
GSM1647936,-1
GSM1647937,-1
GSM1647938,-1
GSM1647939,-1
GSM1647940,-1
GSM1647941,-1
GSM1647942,-1
GSM1647943,-1
GSM1647944,-1
GSM1647945,-1
GSM1647946,-1
GSM1647947,-1
GSM1647948,-1
GSM1647949,-1
GSM1647952,-1
GSM1647954,-1
GSM1647956,-1
GSM1647959,-1
GSM1647962,-1
GSM1647964,-1
GSM1647966,-1
GSM1656052,-1
GSM1656053,-1
GSM1656054,-1
GSM1656055,-1
GSM1656056,-1
GSM1656057,-1
GSM1656058,-1
GSM1656059,-1
GSM1656060,-1
GSM1656061,-1
GSM1656062,-1
GSM1656063,-1
GSM1656064,-1
GSM1656065,-1
GSM1656066,-1
GSM1656067,-1
GSM1656068,-1
GSM1656069,-1
GSM1656070,-1
GSM1656071,-1
GSM1656072,-1
GSM1656073,-1
GSM1656074,-1
GSM1656075,-1
GSM1656076,-1
GSM1656077,-1
GSM1656078,-1
GSM1656079,-1
GSM1656433,-1
GSM1656434,-1
GSM1656436,-1
GSM1656437,-1
GSM1656438,-1
GSM1678010,-1
GSM1678011,-1
GSM1679654,-1
GSM1679711,-1
GSM1685429,-1
GSM1685430,-1
GSM1685431,-1
GSM1685432,-1
GSM1685434,-1
GSM1685437,-1
GSM1685438,-1
GSM1685439,-1
GSM1685440,-1
GSM1685441,-1
GSM1685442,-1
GSM1685443,-1
GSM1685445,-1
GSM1685446,-1
GSM1695880,-1
GSM1695884,-1
GSM1695885,-1
GSM1695887,-1
GSM1695888,-1
GSM1695890,-1
GSM1695892,-1
GSM1695893,-1
GSM1695894,-1
GSM1695896,-1
GSM1695897,-1
GSM1695899,-1
GSM1695904,-1
GSM1695911,-1
GSM1695912,-1
GSM1701465,0
GSM1701466,0
GSM1701467,0
GSM1701468,0
GSM1701469,0
GSM1701470,0
GSM1701478,0
GSM1701479,0
GSM1703031,-1
GSM1703032,-1
GSM1703033,-1
GSM1703034,-1
GSM1703035,-1
GSM1703036,-1
GSM1703037,-1
GSM1703038,-1
GSM1703039,-1
GSM1703040,-1
GSM1703041,-1
GSM1703042,-1
GSM1704409,-1
GSM1704410,-1
GSM1704411,-1
GSM1704412,-1
GSM1704413,-1
GSM1704414,-1
GSM1704415,-1
GSM1704416,-1
GSM1704417,-1
GSM1704418,-1
GSM1704419,-1
GSM1704420,-1
GSM1704421,-1
GSM1704422,-1
GSM1704423,-1
GSM1704424,-1
GSM1704425,-1
GSM1704426,-1
GSM1704427,-1
GSM1704428,-1
GSM1704429,-1
GSM1704430,-1
GSM1704431,-1
GSM1704432,-1
GSM1704433,-1
GSM1704434,-1
GSM1704435,-1
GSM1704436,-1
GSM1704437,-1
GSM1704438,-1
GSM1704439,-1
GSM1704459,-1
GSM1704460,-1
GSM1704461,-1
GSM1704462,-1
GSM1704463,-1
GSM1704464,-1
GSM1704465,-1
GSM1704466,-1
GSM1704467,-1
GSM1704468,-1
GSM1704469,-1
GSM1704470,-1
GSM1704471,-1
GSM1704472,-1
GSM1704473,-1
GSM1704474,-1
GSM721700,-1
GSM721701,-1
GSM1716727,-1
GSM1716729,-1
GSM1716731,-1
GSM1716737,-1
GSM1716740,-1
GSM1716741,-1
GSM1716743,-1
GSM1716744,-1
GSM1716745,-1
GSM1824136,-1
GSM732315,-1
GSM732316,-1
GSM732317,-1
GSM732318,-1
GSM1866102,0
GSM1866103,0
GSM1866104,0
GSM1866105,0
GSM1866106,0
GSM1866107,0
GSM1872828,-1
GSM1872829,-1
GSM1872830,-1
GSM1872831,-1
GSM1872833,-1
GSM1872834,-1
GSM1872836,-1
GSM1872837,-1
GSM1872838,-1
GSM1872839,-1
GSM1872840,-1
GSM1872841,-1
GSM1872842,-1
GSM1872843,-1
GSM1872844,-1
GSM1872845,-1
GSM1872846,-1
GSM1872867,-1
GSM1872869,-1
GSM1872870,-1
GSM1872872,-1
GSM1872873,-1
GSM1872874,-1
GSM1872876,-1
GSM1872877,-1
GSM1872878,-1
GSM1872879,-1
GSM1872880,-1
GSM1872881,-1
GSM1872882,-1
GSM1872883,-1
GSM1872885,-1
GSM1872058,-1
GSM1872059,-1
GSM1872060,-1
GSM1872061,-1
GSM1872062,-1
GSM1872063,-1
GSM1872066,-1
GSM1872077,-1
GSM1863732,-1
GSM1863733,-1
GSM1863734,-1
GSM1863735,-1
GSM1863736,-1
GSM1863737,-1
GSM1863738,-1
GSM1863739,-1
GSM1863740,-1
GSM1863741,-1
GSM1863742,-1
GSM1863743,-1
GSM1863744,-1
GSM1863745,-1
GSM1863746,-1
GSM1863747,-1
GSM1863748,-1
GSM1863749,-1
GSM1888327,-1
GSM1888328,-1
GSM1888329,-1
GSM1888330,-1
GSM1888331,-1
GSM1888332,-1
GSM1888333,-1
GSM1888334,-1
GSM1888335,-1
GSM1888336,-1
GSM1888337,-1
GSM1888338,-1
GSM1898050,-1
GSM1898052,-1
GSM1898053,-1
GSM1898054,-1
GSM1898055,-1
GSM741690,-1
GSM741691,-1
GSM741692,-1
GSM741693,-1
GSM741694,-1
GSM741695,-1
GSM1921464,-1
GSM1921465,-1
GSM1921466,-1
GSM1921467,-1
GSM1921468,-1
GSM1921469,-1
GSM1921470,-1
GSM1921471,-1
GSM1921472,-1
GSM1921473,-1
GSM1930367,-1
GSM1930368,-1
GSM1930369,-1
GSM1930370,-1
GSM1930371,-1
GSM1930372,-1
GSM1930373,-1
GSM1930374,-1
GSM1930375,-1
GSM1930376,-1
GSM1930377,-1
GSM1930378,-1
GSM1930379,-1
GSM1930380,-1
GSM1930381,-1
GSM1930382,-1
GSM1930383,-1
GSM1930384,-1
GSM1930385,-1
GSM1930386,-1
GSM1930387,-1
GSM1930388,-1
GSM1930389,-1
GSM1930390,-1
GSM1930391,-1
GSM1930392,-1
GSM1930393,-1
GSM1930394,-1
GSM1930395,-1
GSM1930396,-1
GSM1930397,-1
GSM1930398,-1
GSM1930399,-1
GSM1930400,-1
GSM1955072,-1
GSM1955074,-1
GSM1955076,-1
GSM1955078,-1
GSM1955080,-1
GSM1955082,-1
GSM1955084,-1
GSM1955086,-1
GSM1955088,-1
GSM1955090,-1
GSM747470,0
GSM747471,-1
GSM747472,-1
GSM747477,-1
GSM747479,-1
GSM752691,-1
GSM752692,-1
GSM752693,-1
GSM752694,-1
GSM752695,-1
GSM752696,-1
GSM752697,1
GSM752698,1
GSM752699,-1
GSM752700,-1
GSM752701,-1
GSM752702,-1
GSM752703,-1
GSM752704,-1
GSM752705,-1
GSM752706,-1
GSM752707,-1
GSM752708,-1
GSM758631,-1
GSM758632,-1
GSM758633,-1
GSM758634,-1
GSM758635,-1
GSM758636,-1
GSM759885,0
GSM759886,-1
GSM759887,-1
GSM759889,-1
GSM768943,-1
GSM768949,-1
GSM768950,-1
GSM768958,-1
GSM768961,-1
GSM768962,-1
GSM768975,-1
GSM768977,-1
GSM768980,-1
GSM768985,-1
GSM768988,-1
GSM768999,-1
GSM769005,-1
GSM781694,0
GSM782655,-1
GSM782656,-1
GSM782657,-1
GSM782658,-1
GSM782659,-1
GSM782660,-1
GSM782661,-1
GSM782662,-1
GSM785413,-1
GSM785415,-1
GSM785417,-1
GSM785418,-1
GSM785419,-1
GSM785420,-1
GSM785421,-1
GSM785425,-1
GSM785427,-1
GSM785429,-1
GSM785430,-1
GSM785431,-1
GSM785432,-1
GSM785433,-1
GSM785434,-1
GSM785435,-1
GSM785438,-1
GSM785439,-1
GSM785441,-1
GSM785442,-1
GSM785443,-1
GSM785444,-1
GSM785445,-1
GSM785446,-1
GSM802457,-1
GSM802458,-1
GSM802459,-1
GSM802460,-1
GSM802461,-1
GSM802462,-1
GSM802463,-1
GSM802464,-1
GSM802465,-1
GSM802466,-1
GSM802467,-1
GSM802468,-1
GSM823518,-1
GSM823519,-1
GSM823520,-1
GSM823521,-1
GSM823522,-1
GSM823523,-1
GSM824253,0
GSM824254,0
GSM830398,-1
GSM830559,-1
GSM830560,-1
GSM830561,-1
GSM830562,-1
GSM830563,-1
GSM830564,-1
GSM830565,-1
GSM830566,-1
GSM830567,-1
GSM830568,-1
GSM838067,-1
GSM838069,-1
GSM838070,-1
GSM838071,-1
GSM838073,-1
GSM838075,-1
GSM838081,-1
GSM838082,-1
GSM838087,-1
GSM838089,-1
GSM838091,-1
GSM838092,-1
GSM838093,-1
GSM838094,-1
GSM838097,-1
GSM838105,-1
GSM838107,-1
GSM838110,-1
GSM838111,-1
GSM838113,-1
GSM838114,-1
GSM838115,-1
GSM838116,-1
GSM838119,-1
GSM838123,-1
GSM838124,-1
GSM839747,-1
GSM864320,1
GSM865291,-1
GSM865293,-1
GSM865295,-1
GSM865297,-1
GSM865299,-1
GSM900475,-1
GSM900477,-1
GSM900478,-1
GSM900479,-1
GSM900480,-1
GSM900481,-1
GSM900482,-1
GSM900483,-1
GSM900484,-1
GSM900485,-1
GSM900486,-1
GSM900487,-1
GSM900488,-1
GSM900489,-1
GSM900490,-1
GSM900491,-1
GSM900492,-1
GSM900493,-1
GSM900494,-1
GSM900495,-1
GSM900496,-1
GSM900497,-1
GSM900498,-1
GSM900499,-1
GSM900500,-1
GSM900501,-1
GSM900502,-1
GSM900503,-1
GSM900504,-1
GSM908347,0
GSM913873,-1
GSM913874,-1
GSM913879,-1
GSM913880,-1
GSM913885,-1
GSM913886,-1
GSM913891,-1
GSM957198,-1
GSM957203,-1
GSM957466,-1
GSM957467,-1
GSM957468,-1
GSM957469,-1
GSM957470,-1
GSM957471,-1
GSM957472,-1
GSM957473,-1
GSM957474,-1
GSM957475,-1
GSM970930,-1
GSM980239,0
GSM980240,0
GSM980242,0
GSM980243,0
GSM980244,0
GSM980245,0
GSM980246,0
GSM980247,0
GSM980248,0
GSM980249,0
GSM980250,0
GSM980251,0
GSM980252,0
GSM980254,0
GSM980256,0
GSM980257,0
GSM980258,0
GSM980259,0
GSM980261,0
GSM980262,0
GSM980263,0
GSM980264,0
GSM980266,0
GSM980269,0
GSM980271,0
GSM984203,-1
GSM984204,-1
GSM984205,-1
GSM984207,-1
GSM984208,-1
GSM984209,-1
GSM984210,-1
GSM984211,-1
GSM984212,-1
GSM984213,-1
GSM984214,-1
GSM984216,-1
GSM984217,-1
GSM984218,-1
GSM984219,-1
GSM984220,-1
GSM984221,-1
GSM984222,-1
GSM984223,-1
GSM984224,-1
GSM984225,-1
GSM984226,-1
GSM984227,-1
GSM984228,-1
GSM984229,-1
GSM995549,-1
GSM995550,-1
GSM995551,-1
GSM995300,-1
GSM995301,1
GSM995304,-1
GSM999559,-1
GSM999560,-1
GSM999562,-1
GSM999563,-1
GSM999564,-1
GSM999567,-1
GSM999568,-1
GSM999569,-1
GSM999570,-1
GSM999571,-1
GSM999572,-1
GSM999573,-1
GSM999574,-1
GSM999575,-1
GSM999576,-1
GSM999577,-1
GSM999578,-1
GSM999579,-1
GSM999580,-1
GSM999581,-1
GSM999582,-1
GSM999583,-1
GSM999584,-1
GSM999585,-1
GSM999586,-1
GSM999587,-1
GSM999588,-1
GSM999589,-1
GSM999591,-1
GSM1002545,-1
GSM1005575,-1
GSM1018004,-1
GSM1018005,-1
GSM1023434,-1
GSM1023435,-1
GSM1023436,-1
GSM1023437,-1
GSM1023438,-1
GSM1023439,-1
GSM1033470,-1
GSM1033471,-1
GSM1033472,-1
GSM1033473,-1
GSM1033474,-1
GSM1033475,-1
GSM1033476,-1
GSM1033477,-1
GSM1033478,-1
GSM1060655,-1
GSM1060656,-1
GSM1060657,-1
GSM1063280,-1
GSM1063282,-1
GSM1063284,-1
GSM1063285,-1
GSM1063287,-1
GSM1063288,-1
GSM1063289,-1
GSM1063291,-1
GSM1063292,-1
GSM1063293,-1
GSM1063294,-1
GSM1063295,-1
GSM1063296,-1
GSM1063297,-1
GSM1063298,-1
GSM1063299,-1
GSM1063300,-1
GSM1063301,-1
GSM1063302,-1
GSM1063303,-1
GSM1063304,-1
GSM1064822,-1
GSM1064824,-1
GSM1064826,-1
GSM1064828,-1
GSM1064829,-1
GSM1065163,-1
GSM1065164,-1
GSM1065166,-1
GSM1098283,-1
GSM1098394,-1
GSM1100296,-1
GSM1100297,-1
GSM1100305,-1
GSM1101966,-1
GSM1101967,0
GSM1101968,-1
GSM1101969,-1
GSM1101970,-1
GSM1101971,-1
GSM1101972,-1
GSM1101973,-1
GSM1101974,-1
GSM1101976,-1
GSM1101977,-1
GSM1103987,-1
GSM1103988,-1
GSM1103989,-1
GSM1103990,-1
GSM1103991,-1
GSM1103992,-1
GSM1103993,-1
GSM1103994,-1
GSM1103995,-1
GSM1103996,-1
GSM1103997,-1
GSM1103998,-1
GSM1103999,-1
GSM1104000,-1
GSM1104001,-1
GSM1104002,-1
GSM1104003,-1
GSM1104004,-1
GSM1104005,-1
GSM1104006,-1
GSM1104007,-1
GSM1104008,-1
GSM1104009,-1
GSM1104018,-1
GSM1105766,-1
GSM1105767,-1
GSM1105768,-1
GSM1105769,-1
GSM1105770,-1
GSM1105771,-1
GSM1105772,-1
GSM1105773,-1
GSM1105774,-1
GSM1105775,-1
GSM1105776,-1
GSM1105777,-1
GSM1105779,-1
GSM1105780,-1
GSM1105781,-1
GSM1105782,-1
GSM1105783,-1
GSM1105784,-1
GSM1105785,-1
GSM1105786,-1
GSM1105787,-1
GSM1105788,-1
GSM1105789,-1
GSM1105790,-1
GSM1105791,-1
GSM1105792,-1
GSM1105793,-1
GSM1105794,-1
GSM1105795,-1
GSM1105796,-1
GSM1105797,-1
GSM1105798,-1
GSM1105799,-1
GSM1105801,-1
GSM1105802,-1
GSM1105803,-1
GSM1105804,-1
GSM1105805,-1
GSM1105806,-1
GSM1105807,-1
GSM1105808,-1
GSM1105809,-1
GSM1105810,-1
GSM1105811,-1
GSM1105812,-1
GSM1105813,-1
GSM1105814,-1
GSM1105815,-1
GSM1105816,-1
GSM1105817,-1
GSM1105818,-1
GSM1105819,-1
GSM1105820,-1
GSM1105821,-1
GSM1105822,-1
GSM1105823,-1
GSM1105824,-1
GSM1105825,-1
GSM1105826,-1
GSM1105827,-1
GSM1105828,-1
GSM1105829,-1
GSM1105830,-1
GSM1105831,-1
GSM1105832,-1
GSM1105833,-1
GSM1105834,-1
GSM1105835,-1
GSM1105836,-1
GSM1105839,-1
GSM1105841,-1
GSM1105842,-1
GSM1105843,-1
GSM1105844,-1
GSM1105845,-1
GSM1105847,-1
GSM1105848,-1
GSM1105849,-1
GSM1105850,-1
GSM1105852,-1
GSM1105854,-1
GSM1105855,-1
GSM1105856,-1
GSM1105857,-1
GSM1105858,-1
GSM1105859,-1
GSM1105860,-1
GSM1105861,-1
GSM1105862,-1
GSM1105863,-1
GSM1105864,-1
GSM1119582,-1
GSM1124344,-1
GSM1124350,-1
GSM1124352,-1
GSM1124353,-1
GSM1124354,-1
GSM1124356,-1
GSM1126612,-1
GSM1126614,-1
GSM1126615,-1
GSM1126616,-1
GSM1126617,-1
GSM1126622,-1
GSM1126624,-1
GSM1126625,-1
GSM1126628,-1
GSM1126637,-1
GSM1126638,-1
GSM1126639,-1
GSM1126640,-1
GSM1126641,-1
GSM1126646,-1
GSM1126655,-1
GSM1126657,-1
GSM1126664,-1
GSM1126666,-1
GSM1126672,-1
GSM1126682,-1
GSM1126684,-1
GSM1129240,-1
GSM1129241,-1
GSM1129242,-1
GSM1129243,-1
GSM1129244,-1
GSM1129245,-1
GSM1119581,-1
GSM1119583,-1
GSM1131155,-1
GSM1131156,-1
GSM1131538,-1
GSM1131539,-1
GSM1131540,-1
GSM1131541,-1
GSM1131542,-1
GSM1131543,-1
GSM1131544,-1
GSM1131545,-1
GSM1131546,-1
GSM1131547,-1
GSM1131548,-1
GSM1131549,-1
GSM1131550,-1
GSM1131551,-1
GSM1131552,-1
GSM1131743,-1
GSM1131744,-1
GSM1131745,-1
GSM1131746,-1
GSM1131747,-1
GSM1150561,-1
GSM1150563,-1
GSM1150564,-1
GSM1150566,-1
GSM1150569,-1
GSM1150572,-1
GSM1150574,-1
GSM1150575,-1
GSM1150576,-1
GSM1150577,-1
GSM1150579,-1
GSM1150580,-1
GSM1150581,-1
GSM1150582,-1
GSM1150584,-1
GSM1150585,-1
GSM1150587,-1
GSM1150588,-1
GSM1150591,-1
GSM1150592,-1
GSM1150594,-1
GSM1150595,-1
GSM1150597,-1
GSM1150598,-1
GSM1150600,-1
GSM1150602,-1
GSM1150603,-1
GSM1150605,-1
GSM1150606,-1
GSM1150608,-1
GSM1150609,-1
GSM1150611,-1
GSM1150613,-1
GSM1150614,-1
GSM1150615,-1
GSM1150616,-1
GSM1150618,-1
GSM1150619,-1
GSM1150620,-1
GSM1150622,-1
GSM1150623,-1
GSM1150624,-1
GSM1150625,-1
GSM1150626,-1
GSM1150627,-1
GSM1150630,-1
GSM1162982,-1
GSM1162983,-1
GSM1162984,-1
GSM1162985,-1
GSM1162987,-1
GSM1162988,-1
GSM1162989,-1
GSM1162990,-1
GSM1162991,-1
GSM1162992,-1
GSM1162993,-1
GSM1162994,-1
GSM1162995,-1
GSM1162996,-1
GSM1162997,-1
GSM1162998,-1
GSM1162999,-1
GSM1163000,-1
GSM1163001,-1
GSM1163002,-1
GSM1163003,-1
GSM1163004,-1
GSM1163005,-1
GSM1163006,-1
GSM1163007,-1
GSM1163008,-1
GSM1163009,-1
GSM1163010,-1
GSM1163011,-1
GSM1163012,-1
GSM1163013,-1
GSM1163014,-1
GSM1163015,-1
GSM1163016,-1
GSM1163017,-1
GSM1163018,-1
GSM1163019,-1
GSM1163020,-1
GSM1163021,-1
GSM1163022,-1
GSM1163023,-1
GSM1163024,-1
GSM1163025,-1
GSM1163026,-1
GSM1163027,-1
GSM1163028,-1
GSM1163029,-1
GSM1163030,-1
GSM1163031,-1
GSM1163032,-1
GSM1163033,-1
GSM1163034,-1
GSM1163035,-1
GSM1163036,-1
GSM1163037,-1
GSM1163038,-1
GSM1163039,-1
GSM1163040,-1
GSM1163041,-1
GSM1163042,-1
GSM1163043,-1
GSM1163044,-1
GSM1163045,-1
GSM1163046,-1
GSM1163047,-1
GSM1163048,-1
GSM1163049,-1
GSM1163050,-1
GSM1163051,-1
GSM1163052,-1
GSM1163053,-1
GSM1163054,-1
GSM1163055,-1
GSM1163056,-1
GSM1163057,-1
GSM1163058,-1
GSM1163059,-1
GSM1163060,-1
GSM1163061,-1
GSM1163062,-1
GSM1163063,-1
GSM1163064,-1
GSM1163065,-1
GSM1171549,-1
GSM1171550,-1
GSM1171551,-1
GSM1171552,-1
GSM1171553,-1
GSM1171554,-1
GSM1171555,-1
GSM1171556,-1
GSM1171557,-1
GSM1171558,-1
GSM1171559,-1
GSM1171560,-1
GSM1171561,-1
GSM1171562,-1
GSM1171563,-1
GSM1171565,-1
GSM1171566,-1
GSM1171567,-1
GSM1171568,-1
GSM1171569,-1
GSM1171570,-1
GSM1171571,-1
GSM1171572,-1
GSM1171573,-1
GSM1171574,-1
GSM1171575,-1
GSM1171576,-1
GSM1171577,-1
GSM1171578,-1
GSM1171579,-1
GSM1174472,-1
GSM1174473,-1
GSM1177213,-1
GSM1185638,-1
GSM1185639,-1
GSM1185640,-1
GSM1185641,-1
GSM1185642,-1
GSM1185864,0
GSM1185865,0
GSM1185866,0
GSM1185867,0
GSM1185868,0
GSM1185869,0
GSM1185870,0
GSM1185871,0
GSM1185872,0
GSM1185873,0
GSM1185874,0
GSM1185875,0
GSM1185876,0
GSM1185877,0
GSM1185878,0
GSM1185879,0
GSM1185880,0
GSM1185881,0
GSM1185882,0
GSM1185883,0
GSM1185884,0
GSM1185885,0
GSM1185886,0
GSM1185887,0
GSM1185888,0
GSM1185889,0
GSM1185890,0
GSM1185891,0
GSM1185892,0
GSM1185893,0
GSM1185894,0
GSM1185895,0
GSM1185896,0
GSM1185897,0
GSM1185898,0
GSM1185899,0
GSM1185900,0
GSM1185901,0
GSM1185902,0
GSM1185903,0
GSM1185904,0
GSM1185905,0
GSM1185906,0
GSM1185907,0
GSM1185908,0
GSM1185909,0
GSM1185910,0
GSM1185911,0
GSM1185912,0
GSM1185913,0
GSM1185914,0
GSM1185915,0
GSM1185916,0
GSM1185917,0
GSM1185918,0
GSM1185919,0
GSM1185920,0
GSM1185921,0
GSM1185922,0
GSM1185923,0
GSM1185924,0
GSM1185925,0
GSM1185926,0
GSM1185927,0
GSM1185928,0
GSM1185929,0
GSM1185930,0
GSM1185931,0
GSM1185932,0
GSM1185933,0
GSM1185934,0
GSM1185935,0
GSM1185936,0
GSM1185937,0
GSM1185938,0
GSM1185939,0
GSM1185940,0
GSM1185941,0
GSM1185942,0
GSM1185943,0
GSM1185944,0
GSM1185945,0
GSM1185946,0
GSM1185947,0
GSM1185948,0
GSM1185949,0
GSM1185950,0
GSM1185951,0
GSM1185952,0
GSM1185953,0
GSM1185954,0
GSM1185955,0
GSM1185956,0
GSM1185957,0
GSM1185958,0
GSM1185959,0
GSM1185960,0
GSM1185961,0
GSM1185962,0
GSM1185963,0
GSM1185964,0
GSM1185965,0
GSM1185966,0
GSM1185967,0
GSM1185968,0
GSM1185969,0
GSM1185970,0
GSM1185972,0
GSM1185973,0
GSM1185974,0
GSM1185975,0
GSM1185976,0
GSM1185977,0
GSM1185978,0
GSM1185979,0
GSM1185980,0
GSM1185981,0
GSM1185982,0
GSM1185983,0
GSM1185984,0
GSM1185985,0
GSM1185986,0
GSM1185987,0
GSM1185988,0
GSM1185989,0
GSM1185990,0
GSM1185991,0
GSM1185992,0
GSM1185993,0
GSM1185994,0
GSM1185995,0
GSM1185996,0
GSM1185997,0
GSM1185998,0
GSM1185999,0
GSM1186000,0
GSM1186001,0
GSM1186003,0
GSM1186005,0
GSM1186006,0
GSM1186007,0
GSM1186008,0
GSM1186009,0
GSM1186010,0
GSM1186011,0
GSM1186012,0
GSM1186013,0
GSM1186014,0
GSM1186015,0
GSM1186016,0
GSM1186017,0
GSM1186018,0
GSM1186019,0
GSM1186020,0
GSM1186021,0
GSM1186022,0
GSM1186023,0
GSM1186024,0
GSM1186025,0
GSM1186026,0
GSM1186027,0
GSM1186028,0
GSM1186029,0
GSM1186030,0
GSM1186031,0
GSM1186032,0
GSM1186033,0
GSM1186034,0
GSM1186035,0
GSM1186036,0
GSM1186037,0
GSM1186038,0
GSM1186039,0
GSM1186040,0
GSM1186041,0
GSM1186042,0
GSM1186043,0
GSM1186044,0
GSM1186045,0
GSM1186046,0
GSM1186047,0
GSM1186048,0
GSM1186049,0
GSM1186050,0
GSM1186052,0
GSM1186053,0
GSM1186054,0
GSM1186055,0
GSM1186056,0
GSM1186057,0
GSM1186058,0
GSM1186059,0
GSM1186060,0
GSM1186061,0
GSM1186062,0
GSM1186063,0
GSM1186064,0
GSM1186065,0
GSM1186066,0
GSM1186067,0
GSM1186068,0
GSM1186069,0
GSM1186070,0
GSM1186071,0
GSM1186072,0
GSM1186073,0
GSM1186074,0
GSM1186075,0
GSM1186076,0
GSM1186077,0
GSM1186078,0
GSM1186079,0
GSM1186080,0
GSM1186081,0
GSM1186082,0
GSM1186083,0
GSM1186084,0
GSM1186085,0
GSM1186086,0
GSM1186087,0
GSM1186088,0
GSM1186089,0
GSM1186090,0
GSM1186091,0
GSM1186092,0
GSM1186093,0
GSM1186094,0
GSM1186095,0
GSM1186096,0
GSM1186097,0
GSM1186098,0
GSM1186099,0
GSM1186100,0
GSM1186101,0
GSM1186102,0
GSM1186103,0
GSM1186104,0
GSM1186105,0
GSM1186106,0
GSM1186107,0
GSM1186108,0
GSM1186109,0
GSM1186110,0
GSM1186111,0
GSM1186112,0
GSM1186113,0
GSM1186114,0
GSM1186115,0
GSM1186116,0
GSM1186117,0
GSM1186118,0
GSM1186119,0
GSM1186120,0
GSM1186121,0
GSM1186122,0
GSM1186123,0
GSM1186124,0
GSM1186125,0
GSM1186126,0
GSM1186127,0
GSM1186128,0
GSM1186129,0
GSM1186130,0
GSM1186131,0
GSM1186132,0
GSM1186133,0
GSM1186134,0
GSM1186135,0
GSM1186136,0
GSM1186137,0
GSM1187395,-1
GSM1187396,-1
GSM1187397,-1
GSM1187398,-1
GSM1187399,-1
GSM1187400,-1
GSM1187401,-1
GSM1187402,-1
GSM1187403,-1
GSM1187404,-1
GSM1187405,-1
GSM1187406,-1
GSM1187407,-1
GSM1187408,-1
GSM1187409,-1
GSM1187410,-1
GSM1187411,-1
GSM1187412,-1
GSM1187413,-1
GSM1187414,-1
GSM1192654,-1
GSM1192659,-1
GSM1192670,-1
GSM1192676,-1
GSM1192681,-1
GSM1194685,-1
GSM1194691,-1
GSM1194692,-1
GSM1194697,-1
GSM1194698,-1
GSM1194699,-1
GSM1196040,-1
GSM1196044,-1
GSM1196058,-1
GSM1196041,-1
GSM1196042,-1
GSM1196043,-1
GSM1196557,-1
GSM1196558,-1
GSM1196559,-1
GSM1196561,-1
GSM1196562,-1
GSM1196567,-1
GSM1196568,-1
GSM1196569,-1
GSM1196580,-1
GSM1196586,-1
GSM1196594,-1
GSM1196595,-1
GSM1196599,-1
GSM1196601,-1
GSM1196606,-1
GSM1196612,-1
GSM1196616,-1
GSM1196621,-1
GSM1196622,-1
GSM1196623,-1
GSM1196624,-1
GSM1196629,-1
GSM1198459,-1
GSM1198460,-1
GSM1198461,-1
GSM1198462,-1
GSM1198463,-1
GSM1198464,-1
GSM1198465,-1
GSM1198466,-1
GSM1198467,-1
GSM1198468,-1
GSM1198469,-1
GSM1198470,-1
GSM1198471,-1
GSM1198472,-1
GSM1198473,-1
GSM1198474,-1
GSM1198475,-1
GSM1198476,-1
GSM1198477,-1
GSM1198478,-1
GSM1198479,-1
GSM1198480,-1
GSM1198481,-1
GSM1198482,-1
GSM1198483,1
GSM1198484,1
GSM1198485,1
GSM1198486,1
GSM1198487,1
GSM1198488,1
GSM1202460,-1
GSM1202461,-1
GSM1202462,-1
GSM1202463,-1
GSM1202464,-1
GSM1202465,-1
GSM1202466,-1
GSM1202467,-1
GSM1202468,-1
GSM1202469,-1
GSM1202470,-1
GSM1202471,-1
GSM1215102,-1
GSM1215103,-1
GSM1215104,-1
GSM1215105,-1
GSM1215106,-1
GSM1216754,-1
GSM1216755,-1
GSM1216762,-1
GSM1216763,-1
GSM1216765,-1
GSM1216766,-1
GSM1216767,-1
GSM1216772,-1
GSM1216773,-1
GSM1216774,-1
GSM1216775,-1
GSM1216777,-1
GSM1216778,-1
GSM1216780,-1
GSM1216781,-1
GSM1216782,-1
GSM1216783,-1
GSM1216784,-1
GSM1216785,-1
GSM1216786,-1
GSM1216788,-1
GSM1216789,-1
GSM1216790,-1
GSM1216792,-1
GSM1216793,-1
GSM1216794,-1
GSM1216795,-1
GSM1216797,-1
GSM1216798,-1
GSM1216799,-1
GSM1216800,-1
GSM1216801,-1
GSM1216802,-1
GSM1216803,-1
GSM1216804,-1
GSM1216806,-1
GSM1216807,-1
GSM1216809,-1
GSM1216811,-1
GSM1216812,-1
GSM1216813,-1
GSM1216814,-1
GSM1216815,-1
GSM1216816,-1
GSM1216821,-1
GSM1216822,-1
GSM1216823,-1
GSM1216825,-1
GSM1216826,-1
GSM1216828,-1
GSM1216830,-1
GSM1216831,-1
GSM1216833,-1
GSM1216837,-1
GSM1216838,-1
GSM1216839,-1
GSM1216840,-1
GSM1216841,-1
GSM1217954,-1
GSM1217955,-1
GSM1217956,-1
GSM1217957,-1
GSM1217958,-1
GSM1217959,-1
GSM1217960,-1
GSM1217961,-1
GSM1220859,-1
GSM1220861,-1
GSM1220863,-1
GSM956294,-1
GSM956299,-1
GSM956300,-1
GSM956301,-1
GSM956302,-1
GSM1224490,-1
GSM1224491,-1
GSM1224492,-1
GSM1224493,-1
GSM1224494,-1
GSM1224495,-1
GSM1224496,-1
GSM1224497,-1
GSM1224498,-1
GSM1224499,-1
GSM1224923,-1
GSM1224924,-1
GSM1224925,-1
GSM1224926,-1
GSM1224927,-1
GSM1224928,-1
GSM1224929,-1
GSM1224930,-1
GSM1228184,-1
GSM1228185,-1
GSM1228186,-1
GSM1228187,-1
GSM1228188,-1
GSM1228189,-1
GSM1228190,-1
GSM1228191,-1
GSM1228192,-1
GSM1228193,-1
GSM1228194,-1
GSM1228195,-1
GSM1228196,-1
GSM1228197,-1
GSM1228198,-1
GSM1228199,-1
GSM1228200,-1
GSM1228201,-1
GSM1228206,-1
GSM1228220,-1
GSM1228227,-1
GSM1228229,-1
GSM1229103,0
GSM1229104,0
GSM1229105,0
GSM1229106,0
GSM1229107,0
GSM1229108,0
GSM1229109,-1
GSM1229111,-1
GSM1229112,-1
GSM1229113,-1
GSM1229114,-1
GSM1229116,-1
GSM1229117,-1
GSM1229118,-1
GSM1229119,-1
GSM1229120,-1
GSM1229121,-1
GSM1229123,-1
GSM1229124,-1
GSM1229125,-1
GSM1229126,-1
GSM1229127,-1
GSM1229369,-1
GSM1229373,-1
GSM1233280,-1
GSM1233282,-1
GSM1233284,-1
GSM1233286,-1
GSM1233288,-1
GSM1233290,-1
GSM1233291,-1
GSM531974,-1
GSM531975,-1
GSM531980,-1
GSM531987,-1
GSM532891,-1
GSM532892,-1
GSM532893,-1
GSM532894,-1
GSM532895,-1
GSM532896,-1
GSM532897,-1
GSM532898,-1
GSM532899,-1
GSM532900,-1
GSM532901,-1
GSM532902,-1
GSM532903,-1
GSM532904,-1
GSM532905,-1
GSM532906,-1
GSM532907,-1
GSM532908,-1
GSM532909,-1
GSM532910,-1
GSM532911,-1
GSM532912,-1
GSM532913,-1
GSM532914,-1
GSM532915,-1
GSM532916,-1
GSM532917,-1
GSM532918,-1
GSM532919,-1
GSM532920,-1
GSM532921,-1
GSM532922,-1
GSM532923,-1
GSM532924,-1
GSM532925,-1
GSM532926,-1
GSM532927,-1
GSM532928,-1
GSM597210,0
GSM602557,-1
GSM602558,-1
GSM602559,-1
GSM602560,-1
GSM602561,-1
GSM602562,-1
GSM602563,-1
GSM602564,-1
GSM602565,-1
GSM602566,-1
GSM602567,-1
GSM602568,-1
GSM602569,-1
GSM602570,-1
GSM602571,-1
GSM602572,-1
GSM602573,-1
GSM602574,-1
GSM602575,-1
GSM602576,-1
GSM602577,-1
GSM602578,-1
GSM602580,-1
GSM602583,-1
GSM602584,-1
GSM602586,-1
GSM602591,-1
GSM651905,-1
GSM651906,-1
GSM1243288,-1
GSM1243289,-1
GSM1243290,-1
GSM1243291,-1
GSM1243293,-1
GSM1243294,-1
GSM1243295,-1
GSM1243296,-1
GSM1243297,-1
GSM1243298,-1
GSM1243299,-1
GSM1243300,-1
GSM1243301,-1
GSM1243302,-1
GSM1243303,-1
GSM1243304,-1
GSM1243305,-1
GSM1259107,-1
GSM1259115,-1
GSM1259116,-1
GSM1259117,-1
GSM1259122,-1
GSM1259124,-1
GSM1259125,-1
GSM1259126,-1
GSM1262775,-1
GSM1262776,-1
GSM1262777,-1
GSM1255335,-1
GSM1273054,-1
GSM1273057,-1
GSM1273059,-1
GSM1273060,-1
GSM1273062,-1
GSM1273063,-1
GSM1273064,-1
GSM1273066,-1
GSM1273067,-1
GSM1273069,-1
GSM1273070,-1
GSM1273071,-1
GSM1273072,-1
GSM1273073,-1
GSM1278461,-1
GSM1279746,-1
GSM1279747,-1
GSM1279748,-1
GSM1281707,-1
GSM1281708,-1
GSM1281709,-1
GSM1281710,-1
GSM1281712,-1
GSM1281713,-1
GSM1281714,-1
GSM1281715,-1
GSM1281716,-1
GSM1281717,-1
GSM1281718,-1
GSM1281719,-1
GSM1281720,-1
GSM1281721,-1
GSM1281722,-1
GSM1281723,-1
GSM1281724,-1
GSM1281725,-1
GSM1281726,-1
GSM1281727,-1
GSM1281728,-1
GSM1281729,-1
GSM1281730,-1
GSM1281731,-1
GSM1281732,-1
GSM1281733,-1
GSM1281734,-1
GSM1281735,-1
GSM1281736,-1
GSM1281737,-1
GSM1281738,-1
GSM1281739,0
GSM1281740,-1
GSM1281741,-1
GSM1281742,-1
GSM1281743,-1
GSM1281744,-1
GSM1281746,-1
GSM1281747,-1
GSM1281748,-1
GSM1281749,-1
GSM1281750,-1
GSM1281752,-1
GSM1281753,-1
GSM1281754,-1
GSM1281755,-1
GSM1281756,-1
GSM1281757,-1
GSM1281758,-1
GSM1281759,-1
GSM1281760,-1
GSM1281761,-1
GSM1281762,-1
GSM1281763,-1
GSM1281764,-1
GSM1281765,-1
GSM1281766,-1
GSM1281767,-1
GSM1281768,-1
GSM1281769,-1
GSM1281770,-1
GSM1281771,-1
GSM1281772,-1
GSM1281773,-1
GSM1281774,-1
GSM1281775,-1
GSM1281776,-1
GSM1281777,-1
GSM1281778,-1
GSM1281779,-1
GSM1281780,-1
GSM1281781,-1
GSM1281782,-1
GSM1281783,-1
GSM1281784,-1
GSM1281785,-1
GSM1281786,-1
GSM1281787,-1
GSM1281788,-1
GSM1281789,-1
GSM1281790,-1
GSM1281791,-1
GSM1281792,-1
GSM1281793,-1
GSM1281794,-1
GSM1281795,-1
GSM1281796,-1
GSM1281797,-1
GSM1281798,-1
GSM1281799,-1
GSM1281800,-1
GSM1281801,-1
GSM1281802,-1
GSM1281803,-1
GSM1281804,-1
GSM1281805,-1
GSM1281806,-1
GSM1281807,-1
GSM1281808,-1
GSM1281809,-1
GSM1281810,-1
GSM1281813,-1
GSM1281814,-1
GSM1281815,-1
GSM1281816,-1
GSM1281817,-1
GSM1281818,-1
GSM1281819,-1
GSM1281820,-1
GSM1281821,-1
GSM1281822,-1
GSM1281823,-1
GSM1281824,-1
GSM1281825,-1
GSM1281826,-1
GSM1281827,-1
GSM1281828,-1
GSM1281829,-1
GSM1281830,-1
GSM1281831,-1
GSM1281832,-1
GSM1281834,-1
GSM1281835,-1
GSM1281836,-1
GSM1281837,-1
GSM1281838,-1
GSM1281839,-1
GSM1281840,-1
GSM1281841,-1
GSM1281842,-1
GSM1281843,-1
GSM1281844,-1
GSM1281845,-1
GSM1281846,-1
GSM1281847,-1
GSM1281848,-1
GSM1281849,-1
GSM1281850,-1
GSM1281851,-1
GSM1281852,-1
GSM1281853,-1
GSM1281854,-1
GSM1281855,-1
GSM1281856,-1
GSM1281857,-1
GSM1281858,-1
GSM1281859,-1
GSM1281860,-1
GSM1281861,-1
GSM1281862,-1
GSM1281863,-1
GSM1281864,-1
GSM1281865,-1
GSM1281866,-1
GSM1281867,-1
GSM1281868,-1
GSM1281869,-1
GSM1281870,-1
GSM1281871,-1
GSM1281872,-1
GSM1281873,-1
GSM1281874,-1
GSM1281875,-1
GSM1281876,-1
GSM1281877,-1
GSM1281878,-1
GSM1281879,-1
GSM1281880,-1
GSM1281881,-1
GSM1281882,-1
GSM1281883,-1
GSM1281884,-1
GSM1281885,-1
GSM1281886,-1
GSM1281887,-1
GSM1281888,-1
GSM1293558,-1
GSM1293559,-1
GSM1293560,-1
GSM1293561,-1
GSM1293562,-1
GSM1293563,-1
GSM1293564,-1
GSM1293565,-1
GSM1293566,-1
GSM1293567,-1
GSM1293568,-1
GSM1293569,-1
GSM1293570,-1
GSM1293573,-1
GSM1293574,-1
GSM1293575,-1
GSM1293576,-1
GSM1293577,-1
GSM1293578,-1
GSM1293579,-1
GSM1293580,-1
GSM1293581,-1
GSM1180718,-1
GSM1180719,-1
GSM1180721,-1
GSM1180722,-1
GSM1180724,-1
GSM1180725,-1
GSM1180728,-1
GSM1323647,-1
GSM1323654,-1
GSM1323681,-1
GSM1323684,-1
GSM1323693,-1
GSM1323702,-1
GSM1323710,-1
GSM1323712,-1
GSM1323721,-1
GSM1323744,-1
GSM1356677,-1
GSM1361091,-1
GSM1361092,-1
GSM1361093,-1
GSM1361094,-1
GSM1361095,-1
GSM1361096,-1
GSM1361097,-1
GSM1361098,-1
GSM1361099,-1
GSM1361100,-1
GSM1361101,-1
GSM1396267,0
GSM1409334,-1
GSM1409700,-1
GSM1409701,-1
GSM1425761,-1
GSM1425762,-1
GSM1425764,-1
GSM1425765,-1
GSM1425766,-1
GSM1425767,-1
GSM1425773,-1
GSM1425776,-1
GSM1425781,-1
GSM1480988,-1
GSM1505596,-1
GSM1505600,-1
GSM1619139,-1
GSM1619150,-1
GSM1619153,-1
GSM1619166,-1
GSM1619170,-1
GSM1619172,-1
GSM1619184,-1
GSM1619194,-1
GSM1619197,-1
GSM1619207,-1
GSM1619210,0
GSM1619230,-1
GSM1619231,-1
GSM1619232,-1
GSM1619240,-1
GSM1619241,-1
GSM715503,-1
GSM715504,-1
GSM715506,-1
GSM715507,-1
GSM715508,-1
GSM715509,-1
GSM715510,-1
GSM715511,-1
GSM715512,-1
GSM715513,-1
GSM715514,-1
GSM715515,-1
GSM715516,-1
GSM715517,-1
GSM715518,-1
GSM715519,-1
GSM715520,-1
GSM715521,-1
GSM715522,-1
GSM715523,-1
GSM715524,-1
GSM715525,-1
GSM715526,-1
GSM715528,-1
GSM715529,-1
GSM715530,-1
GSM715531,-1
GSM715532,-1
GSM715533,-1
GSM715534,-1
GSM715535,-1
GSM715536,-1
GSM715537,-1
GSM715538,-1
GSM715539,-1
GSM715540,-1
GSM715541,-1
GSM715542,-1
GSM715543,-1
GSM715544,-1
GSM715545,-1
GSM715546,-1
GSM715547,-1
GSM715548,-1
GSM715549,-1
GSM715551,-1
GSM715552,-1
GSM715553,-1
GSM715554,-1
GSM715555,-1
GSM715556,-1
GSM715557,-1
GSM715558,-1
GSM715559,-1
GSM715560,-1
GSM715561,-1
GSM715562,-1
GSM715563,-1
GSM715564,-1
GSM715565,-1
GSM715566,-1
GSM715567,-1
GSM715568,-1
GSM715569,-1
GSM715570,-1
GSM715571,-1
GSM715572,-1
GSM715573,-1
GSM715574,-1
GSM715575,-1
GSM715576,-1
GSM715577,-1
GSM715578,-1
GSM715579,-1
GSM715580,-1
GSM715581,-1
GSM715582,-1
GSM715583,-1
GSM715584,-1
GSM715585,-1
GSM715586,-1
GSM715587,-1
GSM715588,-1
GSM715589,-1
GSM715590,-1
GSM715591,-1
GSM715592,-1
GSM715593,-1
GSM715594,-1
GSM715595,-1
GSM715596,-1
GSM715597,-1
GSM715598,-1
GSM715599,-1
GSM715600,-1
GSM715601,-1
GSM715602,-1
GSM715603,-1
GSM715604,-1
GSM715605,-1
GSM715606,-1
GSM715607,-1
GSM715608,-1
GSM715609,-1
GSM715610,-1
GSM715611,-1
GSM715612,-1
GSM715613,-1
GSM715614,-1
GSM715615,-1
GSM715616,-1
GSM715617,-1
GSM715618,-1
GSM715619,-1
GSM715620,-1
GSM715621,-1
GSM715622,-1
GSM715623,-1
GSM715624,-1
GSM715625,-1
GSM715626,-1
GSM715627,-1
GSM715628,-1
GSM715629,-1
GSM715630,-1
GSM715631,-1
GSM715632,-1
GSM715633,-1
GSM715634,-1
GSM715635,-1
GSM715636,-1
GSM715637,-1
GSM715638,-1
GSM715639,-1
GSM715640,-1
GSM715641,-1
GSM715642,-1
GSM715643,-1
GSM715644,-1
GSM715645,-1
GSM715646,-1
GSM715647,-1
GSM715648,-1
GSM715649,-1
GSM715650,-1
GSM715651,-1
GSM715652,-1
GSM715653,-1
GSM715654,-1
GSM715655,-1
GSM715656,-1
GSM715657,-1
GSM715658,-1
GSM715659,-1
GSM715660,-1
GSM715661,-1
GSM715662,-1
GSM715663,-1
GSM715664,-1
GSM715666,-1
GSM715667,-1
GSM715668,-1
GSM715669,-1
GSM715670,-1
GSM715671,-1
GSM715672,-1
GSM715673,-1
GSM715674,-1
GSM715675,-1
GSM715676,-1
GSM715677,-1
GSM715678,-1
GSM715679,-1
GSM715680,-1
GSM715681,-1
GSM715682,-1
GSM715683,-1
GSM715684,-1
GSM715685,-1
GSM715686,-1
GSM715687,-1
GSM715688,-1
GSM715689,-1
GSM715690,-1
GSM715691,-1
GSM715692,-1
GSM715693,-1
GSM715694,-1
GSM715697,-1
GSM715698,-1
GSM715699,-1
GSM715700,-1
GSM715701,-1
GSM715702,-1
GSM715703,-1
GSM715704,-1
GSM715705,-1
GSM715706,-1
GSM715707,-1
GSM715708,-1
GSM715709,-1
GSM715710,-1
GSM715711,-1
GSM715712,-1
GSM715713,-1
GSM715714,-1
GSM715715,-1
GSM715716,-1
GSM715721,-1
GSM715722,-1
GSM715723,-1
GSM715724,-1
GSM715725,-1
GSM715726,-1
GSM715727,-1
GSM715728,-1
GSM715729,-1
GSM715730,-1
GSM715731,-1
GSM715732,-1
GSM715733,-1
GSM715734,-1
GSM715735,-1
GSM715736,-1
GSM715737,-1
GSM715738,-1
GSM715739,-1
GSM715740,-1
GSM715741,-1
GSM715742,-1
GSM715743,-1
GSM715744,-1
GSM715745,-1
GSM715746,-1
GSM715747,-1
GSM715458,-1
GSM715460,-1
GSM715463,-1
GSM715494,-1
GSM1636679,-1
GSM1636809,-1
GSM1685433,-1
GSM1685435,-1
GSM1685436,-1
GSM1685444,-1
GSM1695197,-1
GSM1695198,-1
GSM1695199,-1
GSM1695200,-1
GSM1695201,-1
GSM1695202,-1
GSM1695913,-1
GSM1701471,0
GSM1701472,0
GSM1701473,0
GSM1701474,0
GSM1701475,0
GSM1701476,0
GSM1829605,-1
GSM1829606,-1
GSM1829607,-1
GSM742937,-1
GSM742938,-1
GSM742939,0
GSM742940,-1
GSM742941,-1
GSM742942,-1
GSM742943,-1
GSM742944,-1
GSM742945,-1
GSM742946,-1
GSM742947,-1
GSM742948,-1
GSM742949,-1
GSM742950,-1
GSM768941,-1
GSM768942,-1
GSM768944,-1
GSM768945,-1
GSM768946,-1
GSM768947,-1
GSM768948,-1
GSM768951,-1
GSM768952,-1
GSM768953,-1
GSM768954,-1
GSM768955,-1
GSM768956,-1
GSM768957,-1
GSM768959,-1
GSM768960,-1
GSM768963,-1
GSM768964,-1
GSM768965,-1
GSM768966,-1
GSM768967,-1
GSM768968,-1
GSM768969,-1
GSM768970,-1
GSM768971,-1
GSM768972,-1
GSM768973,-1
GSM768974,-1
GSM768976,-1
GSM768978,-1
GSM768979,-1
GSM768981,-1
GSM768982,-1
GSM768983,-1
GSM768984,-1
GSM768986,-1
GSM768987,-1
GSM768990,-1
GSM768991,-1
GSM768992,-1
GSM768993,-1
GSM768994,-1
GSM768995,-1
GSM768996,-1
GSM768997,-1
GSM768998,-1
GSM769000,-1
GSM769001,-1
GSM769002,-1
GSM769003,-1
GSM769004,-1
GSM769006,-1
GSM769007,-1
GSM785414,-1
GSM785422,-1
GSM785423,-1
GSM785424,-1
GSM785426,-1
GSM785428,-1
GSM785436,-1
GSM785437,-1
GSM785440,-1
GSM785379,-1
GSM785380,-1
GSM785381,-1
GSM785382,-1
GSM785383,-1
GSM785384,-1
GSM785385,-1
GSM785386,-1
GSM785387,-1
GSM785388,-1
GSM785389,-1
GSM785390,-1
GSM785391,-1
GSM785392,-1
GSM785393,-1
GSM785394,-1
GSM785395,-1
GSM785396,-1
GSM785397,-1
GSM785398,-1
GSM785399,-1
GSM785400,-1
GSM785401,-1
GSM785402,-1
GSM785403,-1
GSM785404,-1
GSM785405,-1
GSM785406,-1
GSM785407,-1
GSM785408,-1
GSM785409,-1
GSM785410,-1
GSM785412,-1
GSM830389,-1
GSM830390,-1
GSM830391,-1
GSM830392,-1
GSM830393,-1
GSM830394,-1
GSM830395,-1
GSM830396,-1
GSM830397,-1
GSM830399,-1
GSM830400,-1
GSM830401,-1
GSM830402,-1
GSM830403,-1
GSM830404,-1
GSM830405,-1
GSM838063,-1
GSM838064,-1
GSM838065,-1
GSM838066,-1
GSM838068,-1
GSM838072,-1
GSM838074,-1
GSM838076,-1
GSM838077,-1
GSM838078,-1
GSM838079,-1
GSM838080,-1
GSM838083,-1
GSM838084,-1
GSM838085,-1
GSM838086,-1
GSM838088,-1
GSM838090,-1
GSM838095,-1
GSM838096,-1
GSM838098,-1
GSM838099,-1
GSM838100,-1
GSM838101,-1
GSM838102,-1
GSM838106,-1
GSM838108,-1
GSM838112,-1
GSM838120,-1
GSM838121,-1
GSM838122,-1
GSM856856,-1
GSM856857,-1
GSM856858,-1
GSM856859,-1
GSM856860,-1
GSM856861,-1
GSM856862,-1
GSM856863,-1
GSM856864,-1
GSM856865,-1
GSM856866,-1
GSM856867,-1
GSM856868,-1
GSM856869,-1
GSM856870,-1
GSM856871,-1
GSM856872,-1
GSM856873,-1
GSM856874,-1
GSM856875,-1
GSM856876,-1
GSM856877,-1
GSM856878,-1
GSM856879,-1
GSM856880,-1
GSM856881,-1
GSM856882,-1
GSM856883,-1
GSM856884,-1
GSM856885,-1
GSM881819,-1
GSM881820,-1
GSM881821,-1
GSM881822,-1
GSM893564,-1
GSM893566,-1
GSM893567,-1
GSM893569,-1
GSM893572,-1
GSM893573,-1
GSM893574,-1
GSM893575,-1
GSM893581,-1
GSM893582,-1
GSM893583,-1
GSM893584,-1
GSM893585,-1
GSM923251,-1
GSM923252,-1
GSM923253,-1
GSM923254,-1
GSM923255,-1
GSM923256,-1
GSM923257,-1
GSM923258,-1
GSM923259,-1
GSM923260,-1
GSM923261,-1
GSM923262,-1
GSM923263,-1
GSM923264,-1
GSM923265,-1
GSM923266,-1
GSM923267,-1
GSM923268,-1
GSM923269,-1
GSM923270,-1
GSM923271,-1
GSM923272,-1
GSM923273,-1
GSM923274,-1
GSM923275,-1
GSM923276,-1
GSM923277,-1
GSM923278,-1
GSM923279,-1
GSM923280,-1
GSM923281,-1
GSM923282,-1
GSM923283,-1
GSM957192,-1
GSM957193,-1
GSM957194,-1
GSM957195,-1
GSM957196,-1
GSM957197,-1
GSM957199,-1
GSM957200,-1
GSM957201,-1
GSM957202,-1
GSM957204,-1
GSM957205,-1
GSM957206,-1
GSM978969,-1
GSM978970,-1
GSM980253,0
GSM980255,0
GSM980260,0
GSM980265,0
GSM980268,0
GSM980270,0
GSM980272,0
GSM995302,-1
GSM995303,-1
GSM999561,-1
GSM999565,-1
GSM999566,-1
GSM999590,-1
GSM1002540,-1
GSM1002541,-1
GSM1002542,-1
GSM1002543,-1
GSM1002544,-1
GSM1002546,-1
GSM1002547,-1
GSM1002548,-1
GSM1002549,-1
GSM1002550,-1
GSM1002551,-1
GSM1002552,-1
GSM1002553,-1
GSM1060205,-1
GSM1060206,-1
GSM1060207,-1
GSM1060208,-1
GSM1060209,-1
GSM1060654,-1
GSM1063281,-1
GSM1063283,-1
GSM1063286,-1
GSM1063290,-1
GSM1065165,-1
GSM1098196,-1
GSM1098197,-1
GSM1098198,-1
GSM1098199,-1
GSM1098200,-1
GSM1098201,-1
GSM1098202,-1
GSM1098203,-1
GSM1098204,-1
GSM1098205,-1
GSM1098206,-1
GSM1098207,-1
GSM1098208,-1
GSM1098209,-1
GSM1098210,-1
GSM1098211,-1
GSM1098212,-1
GSM1098213,-1
GSM1098214,-1
GSM1098215,-1
GSM1098216,-1
GSM1098217,-1
GSM1098218,-1
GSM1098219,-1
GSM1098220,-1
GSM1098221,-1
GSM1098222,-1
GSM1098223,-1
GSM1098224,-1
GSM1098225,-1
GSM1098226,-1
GSM1098227,-1
GSM1098228,-1
GSM1098229,-1
GSM1098230,-1
GSM1098231,-1
GSM1098232,-1
GSM1098233,-1
GSM1098234,-1
GSM1098235,-1
GSM1098236,-1
GSM1098237,-1
GSM1098238,-1
GSM1098239,-1
GSM1098240,-1
GSM1098241,-1
GSM1098242,-1
GSM1098243,-1
GSM1098244,-1
GSM1098245,-1
GSM1098246,-1
GSM1098247,-1
GSM1098248,-1
GSM1098249,-1
GSM1098250,-1
GSM1098251,-1
GSM1098252,-1
GSM1098253,-1
GSM1098254,-1
GSM1098255,-1
GSM1098256,-1
GSM1098257,-1
GSM1098258,-1
GSM1098259,-1
GSM1098260,-1
GSM1098261,-1
GSM1098262,-1
GSM1098263,-1
GSM1098264,-1
GSM1098265,-1
GSM1098266,-1
GSM1098267,-1
GSM1098268,-1
GSM1098269,-1
GSM1098270,-1
GSM1098271,-1
GSM1098272,-1
GSM1098273,-1
GSM1098274,-1
GSM1098275,-1
GSM1098276,-1
GSM1098277,-1
GSM1098278,-1
GSM1098279,-1
GSM1098280,-1
GSM1098281,-1
GSM1098282,-1
GSM1098284,-1
GSM1098285,-1
GSM1098286,-1
GSM1098287,-1
GSM1098288,-1
GSM1098289,-1
GSM1098290,-1
GSM1098291,-1
GSM1098292,-1
GSM1098293,-1
GSM1098294,-1
GSM1098295,-1
GSM1098296,-1
GSM1098297,-1
GSM1098298,-1
GSM1098299,-1
GSM1098300,-1
GSM1098301,-1
GSM1098302,-1
GSM1098303,-1
GSM1098304,-1
GSM1098305,-1
GSM1098306,-1
GSM1098307,-1
GSM1098308,-1
GSM1098309,-1
GSM1098310,-1
GSM1098311,-1
GSM1098312,-1
GSM1098313,-1
GSM1098314,-1
GSM1098315,-1
GSM1098316,-1
GSM1098317,-1
GSM1098318,-1
GSM1098319,-1
GSM1098320,-1
GSM1098321,-1
GSM1098322,-1
GSM1098323,-1
GSM1098324,-1
GSM1098325,-1
GSM1098326,-1
GSM1098327,-1
GSM1098328,-1
GSM1098329,-1
GSM1098330,-1
GSM1098331,-1
GSM1098332,-1
GSM1098333,-1
GSM1098334,-1
GSM1098335,-1
GSM1098336,-1
GSM1098337,-1
GSM1098338,-1
GSM1098339,-1
GSM1098340,-1
GSM1098341,-1
GSM1098342,-1
GSM1098343,-1
GSM1098344,-1
GSM1098345,-1
GSM1098346,-1
GSM1098347,-1
GSM1098348,-1
GSM1098349,-1
GSM1098350,-1
GSM1098351,-1
GSM1098352,-1
GSM1098353,-1
GSM1098354,-1
GSM1098355,-1
GSM1098356,-1
GSM1098357,-1
GSM1098358,-1
GSM1098359,-1
GSM1098360,-1
GSM1098361,-1
GSM1098362,-1
GSM1098363,-1
GSM1098364,-1
GSM1098365,-1
GSM1098366,-1
GSM1098367,-1
GSM1098368,-1
GSM1098369,-1
GSM1098370,-1
GSM1098371,-1
GSM1098372,-1
GSM1098373,-1
GSM1098374,-1
GSM1098375,-1
GSM1098376,-1
GSM1098377,-1
GSM1098378,-1
GSM1098379,-1
GSM1098380,-1
GSM1098381,-1
GSM1098382,-1
GSM1098383,-1
GSM1098384,-1
GSM1098385,-1
GSM1098386,-1
GSM1098387,-1
GSM1098388,-1
GSM1098389,-1
GSM1098390,-1
GSM1098391,-1
GSM1098392,-1
GSM1098393,-1
GSM1098395,-1
GSM1105778,-1
GSM1105800,-1
GSM1105837,-1
GSM1105838,-1
GSM1105840,-1
GSM1105846,-1
GSM1105851,-1
GSM1105853,-1
GSM1124339,-1
GSM1124340,-1
GSM1124341,-1
GSM1124342,-1
GSM1124343,-1
GSM1124349,-1
GSM1124351,-1
GSM1124355,-1
GSM1124357,-1
GSM1126652,-1
GSM1126653,-1
GSM1126654,-1
GSM1126656,-1
GSM1126658,-1
GSM1126659,-1
GSM1126660,-1
GSM1126661,-1
GSM1126662,-1
GSM1126663,-1
GSM1126665,-1
GSM1126667,-1
GSM1126668,-1
GSM1126669,-1
GSM1126670,-1
GSM1126671,-1
GSM1126673,-1
GSM1126674,-1
GSM1126675,-1
GSM1126676,-1
GSM1126677,-1
GSM1126678,-1
GSM1126679,-1
GSM1126680,-1
GSM1126681,-1
GSM1126683,-1
GSM1126685,-1
GSM1126686,-1
GSM1126687,-1
GSM1126688,-1
GSM1126689,-1
GSM1126690,-1
GSM1126691,-1
GSM1132688,-1
GSM1132689,-1
GSM1132690,-1
GSM1132691,-1
GSM1132692,-1
GSM1132693,-1
GSM1132694,-1
GSM1132695,-1
GSM1132696,-1
GSM1132697,-1
GSM1132698,-1
GSM1132699,-1
GSM1132700,-1
GSM1132701,-1
GSM1132702,-1
GSM1132703,-1
GSM1132704,-1
GSM1132705,-1
GSM1132706,-1
GSM1132707,-1
GSM1132708,-1
GSM1132709,-1
GSM1132710,-1
GSM1132711,-1
GSM1132712,-1
GSM1132713,-1
GSM1132714,-1
GSM1132715,-1
GSM1132716,-1
GSM1132717,-1
GSM1132718,-1
GSM1132719,-1
GSM1132720,-1
GSM1132721,-1
GSM1132722,-1
GSM1132723,-1
GSM1132724,-1
GSM1132725,-1
GSM1132726,-1
GSM1132727,-1
GSM1132728,-1
GSM1132729,-1
GSM1132730,-1
GSM1132731,-1
GSM1132732,-1
GSM1132733,-1
GSM1132734,-1
GSM1132735,-1
GSM1132736,-1
GSM1132737,-1
GSM1132738,-1
GSM1132739,-1
GSM1132740,-1
GSM1132741,-1
GSM1132742,-1
GSM1132743,-1
GSM1132744,-1
GSM1132745,-1
GSM1132746,-1
GSM1132747,-1
GSM1132748,-1
GSM1132749,-1
GSM1132750,-1
GSM1132751,-1
GSM1132752,-1
GSM1132753,-1
GSM1132754,-1
GSM1132755,-1
GSM1132756,-1
GSM1132757,-1
GSM1150567,-1
GSM1155149,-1
GSM1155150,-1
GSM1155151,-1
GSM1155152,-1
GSM1155153,-1
GSM1155154,-1
GSM1155155,-1
GSM1155156,-1
GSM1155157,-1
GSM1155158,-1
GSM1155159,-1
GSM1155160,-1
GSM1155161,-1
GSM1155162,-1
GSM1155163,-1
GSM1155164,-1
GSM1155165,-1
GSM1155166,-1
GSM1155167,-1
GSM1155168,-1
GSM1192649,-1
GSM1192650,-1
GSM1192651,-1
GSM1192652,-1
GSM1192653,-1
GSM1192655,-1
GSM1192656,-1
GSM1192657,-1
GSM1192658,-1
GSM1192660,-1
GSM1192661,-1
GSM1192662,-1
GSM1192663,-1
GSM1192664,-1
GSM1192665,-1
GSM1192666,-1
GSM1192667,-1
GSM1192668,-1
GSM1192669,-1
GSM1192671,-1
GSM1192672,-1
GSM1192673,-1
GSM1192674,-1
GSM1192675,-1
GSM1192677,-1
GSM1192678,-1
GSM1192679,-1
GSM1192680,-1
GSM1192682,-1
GSM1192683,-1
GSM1192684,-1
GSM1192685,-1
GSM1192686,-1
GSM1192687,-1
GSM1192688,-1
GSM1192689,-1
GSM1192690,-1
GSM1194680,-1
GSM1194681,-1
GSM1194690,-1
GSM1196555,-1
GSM1196556,-1
GSM1196560,-1
GSM1196563,-1
GSM1196564,-1
GSM1196565,-1
GSM1196566,-1
GSM1196570,-1
GSM1196572,-1
GSM1196573,-1
GSM1196574,-1
GSM1196575,-1
GSM1196576,-1
GSM1196577,-1
GSM1196578,-1
GSM1196579,-1
GSM1196581,-1
GSM1196582,-1
GSM1196583,-1
GSM1196584,-1
GSM1196585,-1
GSM1196587,-1
GSM1196588,-1
GSM1196589,-1
GSM1196590,-1
GSM1196591,-1
GSM1196592,-1
GSM1196593,-1
GSM1196596,-1
GSM1196597,-1
GSM1196598,-1
GSM1196600,-1
GSM1196602,-1
GSM1196603,-1
GSM1196604,-1
GSM1196605,-1
GSM1196607,-1
GSM1196608,-1
GSM1196609,-1
GSM1196610,-1
GSM1196611,-1
GSM1196613,-1
GSM1196614,-1
GSM1196615,-1
GSM1196617,-1
GSM1196618,-1
GSM1196619,-1
GSM1196620,-1
GSM1196625,-1
GSM1196626,-1
GSM1196627,-1
GSM1196628,-1
GSM1196630,-1
GSM1196631,-1
GSM1196632,-1
GSM956293,-1
GSM956295,-1
GSM956296,-1
GSM956297,-1
GSM956298,-1
GSM1229110,-1
GSM2575016,-1
GSM2859505,-1
GSM1649402,-1
GSM1901334,-1
GSM2361365,-1
GSM1113404,-1
GSM1548346,-1
GSM1695860,-1
GSM1703742,-1
GSM2390905,-1
GSM1552805,-1
GSM2277351,-1
GSM1901340,-1
GSM2302135,-1
GSM2251949,-1
GSM2390956,-1
GSM2390953,-1
GSM2306833,-1
GSM1113406,-1
GSM1649461,-1
GSM1479527,-1
GSM2391057,-1
GSM2390924,-1
GSM1940693,-1
GSM1941366,-1
GSM1129344,-1
GSM979868,-1
GSM2445628,-1
GSM1940724,-1
GSM2859532,-1
GSM1354462,-1
GSM2417227,-1
GSM1603027,-1
GSM2391071,-1
GSM2011218,-1
GSM2579324,-1
GSM1113390,-1
GSM2157543,-1
GSM2575001,-1
GSM2590778,-1
GSM2779010,-1
GSM2277388,-1
GSM2197436,-1
GSM2390848,-1
GSM2277354,-1
GSM2772489,-1
GSM1981347,-1
GSM1703701,-1
GSM2157547,-1
GSM1686547,-1
GSM2136980,-1
GSM2135427,-1
GSM1341691,-1
GSM1619506,-1
GSM1576428,-1
GSM1548371,-1
GSM1466233,-1
GSM1333378,-1
GSM1113338,-1
GSM1946488,-1
GSM2579305,-1
GSM1020213,-1
GSM1354463,-1
GSM2101627,-1
GSM1703731,-1
GSM2277357,-1
GSM2333028,-1
GSM2779009,-1
GSM2054989,-1
GSM2431614,-1
GSM2136974,-1
GSM2491499,-1
GSM979867,-1
GSM2390949,-1
GSM1708002,-1
GSM2256657,-1
GSM1703719,-1
GSM2859489,-1
GSM1603036,-1
GSM2277404,-1
GSM996197,-1
GSM1649191,-1
GSM2136955,-1
GSM1915591,-1
GSM1703768,-1
GSM1435496,-1
GSM1940665,-1
GSM1065919,-1
GSM1129347,-1
GSM1703748,-1
GSM1548316,-1
GSM1548360,-1
GSM1185616,-1
GSM1899712,-1
GSM1129342,-1
GSM2390983,-1
GSM1978255,-1
GSM2361395,-1
GSM2390721,-1
GSM1479562,-1
GSM2211634,-1
GSM2211622,-1
GSM2574998,-1
GSM2579299,-1
GSM1065925,-1
GSM2474456,-1
GSM1649414,-1
GSM1435499,-1
GSM2479718,-1
GSM2579331,-1
GSM1479442,-1
GSM2425377,-1
GSM2390979,-1
GSM2590775,-1
GSM2256659,-1
GSM1701330,-1
GSM1940660,-1
GSM1576406,-1
GSM1920788,-1
GSM2390820,-1
GSM2590766,-1
GSM2277368,-1
GSM1401326,-1
GSM2859412,-1
GSM1585612,-1
GSM2391029,-1
GSM2631766,-1
GSM2192656,-1
GSM1383912,-1
GSM1113357,-1
GSM2277380,-1
GSM1940667,-1
GSM2537129,-1
GSM1603013,-1
GSM2350351,-1
GSM1548265,-1
GSM2333026,-1
GSM1649445,-1
GSM1436138,-1
GSM2431690,-1
GSM1113414,-1
GSM2417223,-1
GSM1862899,-1
GSM1113344,-1
GSM2183048,-1
GSM1940705,-1
GSM2037128,-1
GSM1113313,-1
GSM1581127,-1
GSM1548379,-1
GSM1548357,-1
GSM2112709,-1
GSM1940685,-1
GSM1830783,-1
GSM1981341,-1
GSM1479456,-1
GSM1479447,-1
GSM1548287,-1
GSM1065923,-1
GSM1542161,-1
GSM1930425,-1
GSM2277348,-1
GSM1576410,-1
GSM1479474,-1
GSM1113329,-1
GSM2306841,-1
GSM2274917,-1
GSM1436136,-1
GSM2192693,-1
GSM2431638,-1
GSM1479557,-1
GSM2135455,-1
GSM1113372,-1
GSM1977413,-1
GSM2390741,-1
GSM2136986,-1
GSM2390754,-1
GSM2136961,-1
GSM1479553,-1
GSM1695865,-1
GSM1479517,-1
GSM2390822,-1
GSM1820119,-1
GSM1479506,-1
GSM2575019,-1
GSM1703700,-1
GSM2445604,-1
GSM1915610,-1
GSM2390917,-1
GSM2443615,-1
GSM1333393,-1
GSM2643367,-1
GSM1479492,-1
GSM1548334,-1
GSM2390989,-1
GSM2390830,-1
GSM1649509,-1
GSM1548341,-1
GSM1930434,-1
GSM2043765,-1
GSM1712267,-1
GSM2277377,-1
GSM1899715,-1
GSM1576438,-1
GSM1901317,-1
GSM2779013,-1
GSM1977402,-1
GSM1649431,-1
GSM1093235,-1
GSM1113410,-1
GSM1113377,-1
GSM2277403,-1
GSM2563829,-1
GSM2306835,-1
GSM2109449,-1
GSM1479465,-1
GSM1333387,-1
GSM1526677,-1
GSM2859431,-1
GSM1915585,-1
GSM1940677,-1
GSM2391028,-1
GSM2330093,-1
GSM2579355,-1
GSM1641333,-1
GSM2027423,-1
GSM2859421,-1
GSM1908809,-1
GSM1576397,-1
GSM1619508,-1
GSM1576443,-1
GSM2274921,-1
GSM2135441,-1
GSM1113391,-1
GSM1401303,-1
GSM1341681,-1
GSM1479535,-1
GSM1548323,-1
GSM1333384,-1
GSM2251950,-1
GSM1941367,-1
GSM2264212,-1
GSM1920792,-1
GSM818581,-1
GSM1649472,-1
GSM2859466,-1
GSM2631768,-1
GSM1633690,-1
GSM1977034,-1
GSM1861620,-1
GSM2135451,-1
GSM1519563,-1
GSM1479541,-1
GSM2027425,-1
GSM1649210,-1
GSM1065931,-1
GSM2425379,-1
GSM1977401,-1
GSM2390943,-1
GSM2590771,-1
GSM1915583,-1
GSM1612364,-1
GSM1602978,-1
GSM1354454,-1
GSM1548354,-1
GSM1548350,-1
GSM1603003,-1
GSM1603020,-1
GSM2241561,-1
GSM2391008,-1
GSM1548374,-1
GSM2373100,-1
GSM2859485,-1
GSM1915604,-1
GSM2390993,-1
GSM2157537,-1
GSM1603031,-1
GSM1899708,-1
GSM1978264,-1
GSM1716663,-1
GSM2431658,-1
GSM2676182,-1
GSM2778999,-1
GSM2027415,-1
GSM1915603,-1
GSM1619507,-1
GSM2350353,-1
GSM2390885,-1
GSM2390808,-1
GSM1479461,-1
GSM2027316,-1
GSM2277360,-1
GSM1131193,-1
GSM819489,-1
GSM2859455,-1
GSM2390918,-1
GSM1649446,-1
GSM1548340,-1
GSM2390950,-1
GSM1602989,-1
GSM2277399,-1
GSM2772491,-1
GSM1641323,-1
GSM1479452,-1
GSM2449408,-1
GSM2391040,-1
GSM1920786,-1
GSM2390910,-1
GSM2859415,-1
GSM1981343,-1
GSM1641326,-1
GSM1113340,-1
GSM1479483,-1
GSM2277362,-1
GSM2390886,-1
GSM2479722,-1
GSM2859491,-1
GSM2390829,-1
GSM1576399,-1
GSM2157536,-1
GSM2676170,-1
GSM2330100,-1
GSM2627440,-1
GSM818579,-1
GSM2579317,-1
GSM1649452,-1
GSM1576420,-1
GSM2778993,-1
GSM2778989,-1
GSM2109414,-1
GSM1977409,-1
GSM2390845,-1
GSM1861612,-1
GSM2370626,-1
GSM1619493,-1
GSM2391000,-1
GSM1479564,-1
GSM2390818,-1
GSM2453574,-1
GSM823383,-1
GSM2361367,-1
GSM2193206,-1
GSM2333019,-1
GSM2579294,-1
GSM1519565,-1
GSM1548264,-1
GSM2390764,-1
GSM2390994,-1
GSM1037852,-1
GSM1930426,-1
GSM2390889,-1
GSM2479760,-1
GSM2400236,-1
GSM1548376,-1
GSM1113363,-1
GSM2027418,-1
GSM2302109,-1
GSM1479440,-1
GSM1548331,-1
GSM2277384,-1
GSM1901314,-1
GSM1726458,-1
GSM2579327,-1
GSM1915594,-1
GSM2859501,-1
GSM1649495,-1
GSM1414748,-1
GSM2579297,-1
GSM2859438,-1
GSM2391009,-1
GSM2431664,-1
GSM2211623,-1
GSM1113379,-1
GSM1122674,-1
GSM1920795,-1
GSM1548361,-1
GSM1641334,-1
GSM1548372,-1
GSM2211627,-1
GSM2054988,-1
GSM1940651,-1
GSM2563826,-1
GSM1940673,-1
GSM1256820,-1
GSM2390719,-1
GSM2859508,-1
GSM2390711,-1
GSM1479510,-1
GSM1981339,-1
GSM1523499,-1
GSM2391076,-1
GSM1619482,-1
GSM2643374,-1
GSM2579312,-1
GSM2391023,-1
GSM1649420,-1
GSM2579335,-1
GSM2044612,-1
GSM2027312,-1
GSM2579343,-1
GSM1383777,-1
GSM1603021,-1
GSM2360266,-1
GSM2579342,-1
GSM1649511,-1
GSM2390732,-1
GSM2467186,-1
GSM1185607,-1
GSM1726464,-1
GSM1438894,-1
GSM1548381,-1
GSM1341717,-1
GSM1726456,-1
GSM1542162,-1
GSM2390827,-1
GSM2390814,-1
GSM1695859,-1
GSM2390870,-1
GSM1726459,-1
GSM1940649,-1
GSM2011216,-1
GSM1619502,-1
GSM2197437,-1
GSM1576421,-1
GSM1649498,-1
GSM1542176,-1
GSM742952,-1
GSM2192657,-1
GSM1940723,-1
GSM2445610,-1
GSM1649195,-1
GSM2859437,-1
GSM2563828,-1
GSM1375213,-1
GSM1113401,-1
GSM1649427,-1
GSM1703739,-1
GSM2579346,-1
GSM2277402,-1
GSM1479467,-1
GSM1479438,-1
GSM2859472,-1
GSM1920796,-1
GSM2247738,-1
GSM1185612,-1
GSM2390900,-1
GSM1479543,-1
GSM2431651,-1
GSM1707994,-1
GSM1704844,-1
GSM1542168,-1
GSM2391024,-1
GSM2859432,-1
GSM1915592,-1
GSM1548364,-1
GSM1861616,-1
GSM2631761,-1
GSM2390955,-1
GSM1401340,-1
GSM2779003,-1
GSM1113400,-1
GSM1695858,-1
GSM1701332,-1
GSM1037855,-1
GSM2390963,-1
GSM2859487,-1
GSM1414747,-1
GSM2277394,-1
GSM1479470,-1
GSM2459967,-1
GSM2390972,-1
GSM1113315,-1
GSM1113355,-1
GSM2579345,-1
GSM2202558,-1
GSM2183057,-1
GSM2136982,-1
GSM2390737,-1
GSM2055642,-1
GSM1479441,-1
GSM1576398,-1
GSM1526676,-1
GSM811630,-1
GSM2576772,-1
GSM1901335,-1
GSM1861610,-1
GSM1602977,-1
GSM2631760,-1
GSM2390873,-1
GSM2390825,-1
GSM2136966,-1
GSM1548344,-1
GSM1888826,-1
GSM2390723,-1
GSM2219002,-1
GSM2859462,-1
GSM1603010,-1
GSM2467188,-1
GSM2124054,-1
GSM2859440,-1
GSM1915611,-1
GSM2241547,-1
GSM1548292,-1
GSM2394849,-1
GSM2043737,-1
GSM1940669,-1
GSM1977032,-1
GSM2360267,-1
GSM1113336,-1
GSM2390782,-1
GSM2590776,-1
GSM2043752,-1
GSM1256812,-1
GSM1941368,-1
GSM1603043,-1
GSM1619509,-1
GSM2043731,-1
GSM2579311,-1
GSM2778992,-1
GSM2859422,-1
GSM2350360,-1
GSM2453535,-1
GSM1542167,-1
GSM2390970,-1
GSM1649438,-1
GSM2333029,-1
GSM2772484,-1
GSM2445398,-1
GSM2859442,-1
GSM2330098,-1
GSM2054991,-1
GSM1401338,-1
GSM2390772,-1
GSM1703697,-1
GSM2859510,-1
GSM1603030,-1
GSM2277411,-1
GSM2579336,-1
GSM2197433,-1
GSM1113312,-1
GSM1915625,-1
GSM1020214,-1
GSM1940721,-1
GSM1649481,-1
GSM1940663,-1
GSM2459968,-1
GSM2390939,-1
GSM1695867,-1
GSM818576,-1
GSM2277398,-1
GSM2402608,-1
GSM2390761,-1
GSM1401336,-1
GSM2579289,-1
GSM1395289,-1
GSM1977416,-1
GSM2453565,-1
GSM1548380,-1
GSM1940720,-1
GSM1010126,-1
GSM2445605,-1
GSM2284651,-1
GSM1354450,-1
GSM2772513,-1
GSM1649514,-1
GSM2859423,-1
GSM1982298,-1
GSM1920787,-1
GSM2277395,-1
GSM2859517,-1
GSM1113402,-1
GSM2859460,-1
GSM2277385,-1
GSM2043735,-1
GSM1940706,-1
GSM1977407,-1
GSM1641321,-1
GSM2157545,-1
GSM2590786,-1
GSM1649479,-1
GSM1888810,-1
GSM1576422,-1
GSM1915597,-1
GSM1548282,-1
GSM2390965,-1
GSM1065917,-1
GSM1649205,-1
GSM1576439,-1
GSM2072421,-1
GSM2859465,-1
GSM1920790,-1
GSM2425082,-1
GSM2390733,-1
GSM2350356,-1
GSM1341708,-1
GSM2124061,-1
GSM1383757,-1
GSM2390865,-1
GSM1386272,-1
GSM1383913,-1
GSM1479545,-1
GSM1915609,-1
GSM2859448,-1
GSM1548257,-1
GSM2390758,-1
GSM1842235,-1
GSM2044618,-1
GSM2772511,-1
GSM1576445,-1
GSM1576419,-1
GSM1619489,-1
GSM2192694,-1
GSM1901316,-1
GSM2277369,-1
GSM811629,-1
GSM2277422,-1
GSM2072443,-1
GSM2390925,-1
GSM2627439,-1
GSM1113397,-1
GSM1548285,-1
GSM1354449,-1
GSM2135444,-1
GSM2579287,-1
GSM1548268,-1
GSM2390805,-1
GSM1619486,-1
GSM1341713,-1
GSM1113389,-1
GSM1638210,-1
GSM2277355,-1
GSM1619480,-1
GSM2124045,-1
GSM1586130,-1
GSM2054994,-1
GSM2135443,-1
GSM2390727,-1
GSM1915582,-1
GSM2390819,-1
GSM970928,-1
GSM2264215,-1
GSM1113320,-1
GSM1681906,-1
GSM1631708,-1
GSM1915605,-1
GSM2043766,-1
GSM1649421,-1
GSM1940715,-1
GSM1576416,-1
GSM1726445,-1
GSM2390871,-1
GSM1649460,-1
GSM2277359,-1
GSM2390966,-1
GSM2778984,-1
GSM1888827,-1
GSM2225745,-1
GSM2241570,-1
GSM1548281,-1
GSM1548283,-1
GSM2859427,-1
GSM2360282,-1
GSM1940711,-1
GSM2262407,-1
GSM1435501,-1
GSM1113352,-1
GSM2579308,-1
GSM1649410,-1
GSM1703702,-1
GSM1548383,-1
GSM2390804,-1
GSM2241563,-1
GSM2579351,-1
GSM2135426,-1
GSM2579350,-1
GSM2157541,-1
GSM1649424,-1
GSM996200,-1
GSM1479499,-1
GSM2425074,-1
GSM1869431,-1
GSM1940707,-1
GSM2390977,-1
GSM2859433,-1
GSM1638213,-1
GSM2859524,-1
GSM2391030,-1
GSM1256819,-1
GSM2479724,-1
GSM1649392,-1
GSM1548384,-1
GSM2192654,-1
GSM1383917,-1
GSM1649508,-1
GSM1861841,-1
GSM2431662,-1
GSM1940676,-1
GSM2859411,-1
GSM1649198,-1
GSM1479501,-1
GSM1649494,-1
GSM1940701,-1
GSM2390964,-1
GSM2390888,-1
GSM1548337,-1
GSM2492580,-1
GSM1479495,-1
GSM2264217,-1
GSM1915581,-1
GSM1341669,-1
GSM1977400,-1
GSM2112708,-1
GSM2390986,-1
GSM1113403,-1
GSM2390834,-1
GSM1585607,-1
GSM2859416,-1
GSM1940728,-1
GSM2200457,-1
GSM2390728,-1
GSM2676173,-1
GSM2390746,-1
GSM1602999,-1
GSM2277343,-1
GSM2135448,-1
GSM2136965,-1
GSM2676185,-1
GSM2479729,-1
GSM2643368,-1
GSM2043741,-1
GSM2071417,-1
GSM2277392,-1
GSM2425079,-1
GSM1703704,-1
GSM2112705,-1
GSM1974235,-1
GSM2859481,-1
GSM1548310,-1
GSM1576392,-1
GSM2631759,-1
GSM2576757,-1
GSM1641328,-1
GSM2453575,-1
GSM2136984,-1
GSM1603012,-1
GSM1479496,-1
GSM1649490,-1
GSM2579314,-1
GSM2104422,-1
GSM1479565,-1
GSM2390755,-1
GSM1612362,-1
GSM2772510,-1
GSM1414749,-1
GSM1333392,-1
GSM2333023,-1
GSM1113322,-1
GSM2467182,-1
GSM1216824,-1
GSM2333033,-1
GSM1681910,-1
GSM1940712,-1
GSM1940656,-1
GSM2157549,-1
GSM1712269,-1
GSM1113314,-1
GSM2859480,-1
GSM2390894,-1
GSM1695162,-1
GSM2590773,-1
GSM2575017,-1
GSM2445636,-1
GSM2579349,-1
GSM2098139,-1
GSM1113339,-1
GSM2136960,-1
GSM1479540,-1
GSM1861838,-1
GSM1901315,-1
GSM1861606,-1
GSM1649425,-1
GSM1649433,-1
GSM2043760,-1
GSM2193191,-1
GSM1548006,-1
GSM2277410,-1
GSM2390859,-1
GSM1940662,-1
GSM2443613,-1
GSM2112706,-1
GSM1830786,-1
GSM1548345,-1
GSM1557750,-1
GSM2136956,-1
GSM2772490,-1
GSM1548290,-1
GSM1185608,-1
GSM1861614,-1
GSM1703707,-1
GSM2277419,-1
GSM2390781,-1
GSM1930431,-1
GSM1113418,-1
GSM1861611,-1
GSM2390712,-1
GSM1479478,-1
GSM2360280,-1
GSM2859463,-1
GSM2104421,-1
GSM1649422,-1
GSM2390990,-1
GSM1899718,-1
GSM1093236,-1
GSM2575020,-1
GSM1479485,-1
GSM2491495,-1
GSM2859486,-1
GSM1908808,-1
GSM1649469,-1
GSM1703713,-1
GSM2043751,-1
GSM2192689,-1
GSM2590780,-1
GSM2055641,-1
GSM2390869,-1
GSM2391063,-1
GSM1542174,-1
GSM1383907,-1
GSM1548258,-1
GSM1681905,-1
GSM1576412,-1
GSM2579318,-1
GSM2043743,-1
GSM2859454,-1
GSM1619499,-1
GSM2579291,-1
GSM2445632,-1
GSM1479481,-1
GSM1603016,-1
GSM2202561,-1
GSM1861846,-1
GSM1603008,-1
GSM818575,-1
GSM1383916,-1
GSM1649196,-1
GSM2391070,-1
GSM1901342,-1
GSM2277390,-1
GSM2390971,-1
GSM2779008,-1
GSM1603047,-1
GSM2445634,-1
GSM1275176,-1
GSM1113369,-1
GSM2247736,-1
GSM2200452,-1
GSM1619485,-1
GSM1354453,-1
GSM2390735,-1
GSM1901318,-1
GSM2779016,-1
GSM2579296,-1
GSM2390789,-1
GSM1619500,-1
GSM2136963,-1
GSM2575018,-1
GSM1940702,-1
GSM1863326,-1
GSM2027319,-1
GSM2391010,-1
GSM1649464,-1
GSM2361396,-1
GSM1603009,-1
GSM2333027,-1
GSM2277344,-1
GSM1861845,-1
GSM1479516,-1
GSM1341719,-1
GSM2124051,-1
GSM2360270,-1
GSM1585611,-1
GSM2225746,-1
GSM1548370,-1
GSM1479462,-1
GSM2277365,-1
GSM2390891,-1
GSM1941363,-1
GSM1548339,-1
GSM2390846,-1
GSM1479489,-1
GSM1256814,-1
GSM1909021,-1
GSM2859469,-1
GSM2390942,-1
GSM2135440,-1
GSM2425084,-1
GSM2390787,-1
GSM1576441,-1
GSM2390959,-1
GSM2306838,-1
GSM1940714,-1
GSM2044530,-1
GSM1901307,-1
GSM2390725,-1
GSM1603046,-1
GSM2390883,-1
GSM2044608,-1
GSM1861851,-1
GSM2101626,-1
GSM1479525,-1
GSM1602983,-1
GSM2643386,-1
GSM1113331,-1
GSM2779001,-1
GSM2241580,-1
GSM2579301,-1
GSM2390777,-1
GSM1946487,-1
GSM721698,-1
GSM2859471,-1
GSM2104428,-1
GSM2333037,-1
GSM2011215,-1
GSM2043753,-1
GSM2390973,-1
GSM2333020,-1
GSM1113409,-1
GSM1548279,-1
GSM2157551,-1
GSM2391051,-1
GSM818571,-1
GSM1542163,-1
GSM2098138,-1
GSM1940688,-1
GSM1863327,-1
GSM1129343,-1
GSM2579341,-1
GSM2579290,-1
GSM2027318,-1
GSM2360272,-1
GSM1354464,-1
GSM2390740,-1
GSM2859506,-1
GSM1548332,-1
GSM1386273,-1
GSM2135450,-1
GSM2200451,-1
GSM1436137,-1
GSM1978254,-1
GSM2104423,-1
GSM2157538,-1
GSM1113385,-1
GSM1940727,-1
GSM1940719,-1
GSM1940683,-1
GSM2449407,-1
GSM1479469,-1
GSM1649202,-1
GSM1354459,-1
GSM1602994,-1
GSM1548362,-1
GSM2391053,-1
GSM2202553,-1
GSM2425083,-1
GSM1602998,-1
GSM1977418,-1
GSM1649516,-1
GSM1649212,-1
GSM867278,-1
GSM2135449,-1
GSM2200449,-1
GSM1256823,-1
GSM2390852,-1
GSM2579340,-1
GSM2306839,-1
GSM2390791,-1
GSM1548280,-1
GSM1649500,-1
GSM2491498,-1
GSM1548300,-1
GSM1899711,-1
GSM2390897,-1
GSM2453562,-1
GSM2277342,-1
GSM2277364,-1
GSM1603025,-1
GSM1091810,-1
GSM2277350,-1
GSM1341718,-1
GSM2443603,-1
GSM1383918,-1
GSM1915586,-1
GSM1861621,-1
GSM2277356,-1
GSM1981336,-1
GSM2579330,-1
GSM1941362,-1
GSM1129340,-1
GSM2443596,-1
GSM1649475,-1
GSM2425076,-1
GSM2277358,-1
GSM2264211,-1
GSM2373102,-1
GSM2136979,-1
GSM1649466,-1
GSM1479507,-1
GSM1649211,-1
GSM2302031,-1
GSM2391014,-1
GSM1602979,-1
GSM2361397,-1
GSM1401356,-1
GSM1548333,-1
GSM2425378,-1
GSM2124052,-1
GSM1940692,-1
GSM1603001,-1
GSM1576400,-1
GSM2277389,-1
GSM1479503,-1
GSM1940653,-1
GSM1065928,-1
GSM2390842,-1
GSM1401321,-1
GSM2330099,-1
GSM1113361,-1
GSM2390815,-1
GSM1703705,-1
GSM2859500,-1
GSM2579348,-1
GSM1548274,-1
GSM1548007,-1
GSM2211630,-1
GSM2391077,-1
GSM2390980,-1
GSM2417220,-1
GSM2135439,-1
GSM2579328,-1
GSM2453573,-1
GSM2136958,-1
GSM2445630,-1
GSM2390928,-1
GSM1065924,-1
GSM1581089,-1
GSM1703762,-1
GSM1861617,-1
GSM2859536,-1
GSM2467190,-1
GSM2043767,-1
GSM1333385,-1
GSM1940664,-1
GSM1602993,-1
GSM2192650,-1
GSM1619487,-1
GSM1548352,-1
GSM1548358,-1
GSM1548377,-1
GSM2390771,-1
GSM1649199,-1
GSM2390840,-1
GSM2302021,-1
GSM1703759,-1
GSM1526682,-1
GSM2043750,-1
GSM2360269,-1
GSM2027321,-1
GSM2631763,-1
GSM2778996,-1
GSM2109418,-1
GSM1548303,-1
GSM1908817,-1
GSM2631770,-1
GSM1341693,-1
GSM1341682,-1
GSM1649483,-1
GSM2579325,-1
GSM1695862,-1
GSM2590777,-1
GSM2360281,-1
GSM2135442,-1
GSM1649453,-1
GSM1557746,-1
GSM1576409,-1
GSM2390968,-1
GSM2391038,-1
GSM2370618,-1
GSM2157540,-1
GSM1479450,-1
GSM1649416,-1
GSM2859434,-1
GSM1341704,-1
GSM1633866,-1
GSM1726449,-1
GSM2390863,-1
GSM1548382,-1
GSM2011217,-1
GSM2579316,-1
GSM1479536,-1
GSM2391058,-1
GSM2391037,-1
GSM1479563,-1
GSM2306836,-1
GSM1414742,-1
GSM2772515,-1
GSM2778997,-1
GSM2211633,-1
GSM1548008,-1
GSM2859483,-1
GSM1395291,-1
GSM2043736,-1
GSM1641338,-1
GSM1619505,-1
GSM2443595,-1
GSM1726441,-1
GSM1479444,-1
GSM2274919,-1
GSM1548367,-1
GSM2425085,-1
GSM1599122,-1
GSM2043739,-1
GSM2136972,-1
GSM2859414,-1
GSM1479455,-1
GSM2431618,-1
GSM1726465,-1
GSM1901338,-1
GSM1612360,-1
GSM1298247,-1
GSM1548270,-1
GSM1726451,-1
GSM2360268,-1
GSM2443605,-1
GSM1113381,-1
GSM2390813,-1
GSM1649440,-1
GSM2391060,-1
GSM2390747,-1
GSM1940722,-1
GSM2197434,-1
GSM2147674,-1
GSM2579321,-1
GSM2350357,-1
GSM2390868,-1
GSM2390839,-1
GSM2431681,-1
GSM1113388,-1
GSM1915602,-1
GSM2277367,-1
GSM2391072,-1
GSM1716670,-1
GSM2264213,-1
GSM2778998,-1
GSM1093237,-1
GSM1940661,-1
GSM1113386,-1
GSM1479511,-1
GSM2256661,-1
GSM1681909,-1
GSM1585613,-1
GSM2579356,-1
GSM2136978,-1
GSM1548347,-1
GSM2361370,-1
GSM1726476,-1
GSM2390806,-1
GSM1862900,-1
GSM2391033,-1
GSM1940696,-1
GSM2631764,-1
GSM1479445,-1
GSM1820117,-1
GSM2390783,-1
GSM1649467,-1
GSM1901333,-1
GSM1940672,-1
GSM2859459,-1
GSM2157542,-1
GSM2135435,-1
GSM2256660,-1
GSM2192697,-1
GSM1888809,-1
GSM1717162,-1
GSM1603033,-1
GSM1649204,-1
GSM1915584,-1
GSM1333388,-1
GSM2390890,-1
GSM2391017,-1
GSM1479497,-1
GSM2391047,-1
GSM2112707,-1
GSM2390794,-1
GSM986105,-1
GSM867290,-1
GSM1548314,-1
GSM2391041,-1
GSM1599126,-1
GSM2360273,-1
GSM2390887,-1
GSM2391006,-1
GSM2277421,-1
GSM1548273,-1
GSM1940666,-1
GSM2492578,-1
GSM1726472,-1
GSM1185615,-1
GSM1940699,-1
GSM2133910,-1
GSM2136969,-1
GSM2027317,-1
GSM1414750,-1
GSM2070756,-1
GSM2443597,-1
GSM1548355,-1
GSM2333034,-1
GSM1619495,-1
GSM1466236,-1
GSM2575000,-1
GSM2391073,-1
GSM1941365,-1
GSM2859503,-1
GSM2390744,-1
GSM1020216,-1
GSM1726474,-1
GSM2277386,-1
GSM1649408,-1
GSM1977033,-1
GSM1977411,-1
GSM1576425,-1
GSM1576394,-1
GSM1890603,-1
GSM1649478,-1
GSM1915600,-1
GSM2124047,-1
GSM2390988,-1
GSM1113380,-1
GSM1603018,-1
GSM2445402,-1
GSM2453572,-1
GSM1649213,-1
GSM2859428,-1
GSM2563827,-1
GSM1940713,-1
GSM2104429,-1
GSM1113368,-1
GSM2256658,-1
GSM1649485,-1
GSM1113323,-1
GSM2104425,-1
GSM2400240,-1
GSM1861836,-1
GSM2859511,-1
GSM2192648,-1
GSM1915612,-1
GSM2859425,-1
GSM1548272,-1
GSM1438897,-1
GSM1066120,-1
GSM818577,-1
GSM2390995,-1
GSM2391049,-1
GSM1185609,-1
GSM1915580,-1
GSM1621318,-1
GSM1649439,-1
GSM1548330,-1
GSM2859473,-1
GSM1626581,-1
GSM2218997,-1
GSM2443592,-1
GSM2136983,-1
GSM2859518,-1
GSM2390946,-1
GSM1479493,-1
GSM1548315,-1
GSM2104427,-1
GSM1479453,-1
GSM2479727,-1
GSM2859452,-1
GSM2859446,-1
GSM2631769,-1
GSM2193205,-1
GSM2124053,-1
GSM2027314,-1
GSM2772509,-1
GSM1901319,-1
GSM2491502,-1
GSM1649492,-1
GSM2390882,-1
GSM2390788,-1
GSM1113367,-1
GSM2390807,-1
GSM1681908,-1
GSM1065929,-1
GSM2772508,-1
GSM2390730,-1
GSM2425089,-1
GSM1901336,-1
GSM1113408,-1
GSM2391026,-1
GSM2124049,-1
GSM2390751,-1
GSM2390901,-1
GSM1649442,-1
GSM1726453,-1
GSM2391039,-1
GSM1576417,-1
GSM2390798,-1
GSM2192658,-1
GSM1401328,-1
GSM2044609,-1
GSM2277407,-1
GSM1939602,-1
GSM2779019,-1
GSM2491497,-1
GSM2394851,-1
GSM2256662,-1
GSM1978253,-1
GSM1113421,-1
GSM2631765,-1
GSM2390932,-1
GSM1065921,-1
GSM2859519,-1
GSM1479475,-1
GSM1599120,-1
GSM2277405,-1
GSM1641320,-1
GSM2193204,-1
GSM1920797,-1
GSM1695864,-1
GSM1113358,-1
GSM1576427,-1
GSM1704847,-1
GSM2390736,-1
GSM2779021,-1
GSM1915614,-1
GSM1585608,-1
GSM1113399,-1
GSM1977422,-1
GSM1341707,-1
GSM1113365,-1
GSM1576424,-1
GSM2431678,-1
GSM2193192,-1
GSM2576771,-1
GSM1649456,-1
GSM1333395,-1
GSM1298249,-1
GSM1383775,-1
GSM2256664,-1
GSM2390895,-1
GSM811631,-1
GSM1920794,-1
GSM2183052,-1
GSM1479449,-1
GSM2136975,-1
GSM1306653,-1
GSM2390940,-1
GSM1701335,-1
GSM1861853,-1
GSM2361366,-1
GSM1649523,-1
GSM2859470,-1
GSM2425080,-1
GSM2333036,-1
GSM1649476,-1
GSM1686548,-1
GSM1548261,-1
GSM1978261,-1
GSM1626582,-1
GSM2251951,-1
GSM1586131,-1
GSM1542170,-1
GSM2192652,-1
GSM2443598,-1
GSM2779011,-1
GSM2241578,-1
GSM2859499,-1
GSM1707675,-1
GSM986103,-1
GSM1681907,-1
GSM1479530,-1
GSM2027320,-1
GSM1548311,-1
GSM1548010,-1
GSM1930422,-1
GSM1940659,-1
GSM1843223,-1
GSM1712270,-1
GSM1649506,-1
GSM2043734,-1
GSM2350355,-1
GSM1479473,-1
GSM1377536,-1
GSM1649497,-1
GSM1401367,-1
GSM2390978,-1
GSM2027313,-1
GSM2277414,-1
GSM1185611,-1
GSM2333022,-1
GSM1930423,-1
GSM2390937,-1
GSM990769,-1
GSM1401365,-1
GSM2391036,-1
GSM1940652,-1
GSM1703728,-1
GSM1649458,-1
GSM1726444,-1
GSM2027420,-1
GSM2027419,-1
GSM1065926,-1
GSM1479549,-1
GSM2443604,-1
GSM2390879,-1
GSM2691352,-1
GSM2431684,-1
GSM818582,-1
GSM2390867,-1
GSM1479487,-1
GSM1479463,-1
GSM2192691,-1
GSM1977031,-1
GSM2333032,-1
GSM1383773,-1
GSM1552801,-1
GSM2391011,-1
GSM1548284,-1
GSM2579333,-1
GSM1113346,-1
GSM2643379,-1
GSM2391012,-1
GSM2390947,-1
GSM1383908,-1
GSM2390844,-1
GSM2391050,-1
GSM2859522,-1
GSM2391067,-1
GSM2390835,-1
GSM2391055,-1
GSM1602988,-1
GSM2241548,-1
GSM1649491,-1
GSM2390780,-1
GSM2390720,-1
GSM1908811,-1
GSM1940689,-1
GSM1185619,-1
GSM2390745,-1
GSM2779014,-1
GSM1649474,-1
GSM2390913,-1
GSM1576431,-1
GSM1649515,-1
GSM1548366,-1
GSM1479472,-1
GSM1726442,-1
GSM2859526,-1
GSM1830787,-1
GSM1435495,-1
GSM1414743,-1
GSM1830784,-1
GSM2330095,-1
GSM2350358,-1
GSM2192695,-1
GSM2443614,-1
GSM1908810,-1
GSM2859457,-1
GSM1131194,-1
GSM2302921,-1
GSM1383776,-1
GSM1341683,-1
GSM1576407,-1
GSM2135453,-1
GSM2537127,-1
GSM2277381,-1
GSM2391064,-1
GSM1037853,-1
GSM2576773,-1
GSM1131196,-1
GSM1899707,-1
GSM1256828,-1
GSM2390803,-1
GSM2579288,-1
GSM1901311,-1
GSM1861849,-1
GSM2859478,-1
GSM2361369,-1
GSM2055645,-1
GSM1275178,-1
GSM501716,-1
GSM1333399,-1
GSM1901326,-1
GSM2390767,-1
GSM1599128,-1
GSM1649208,-1
GSM2579304,-1
GSM2859509,-1
GSM2390930,-1
GSM2453563,-1
GSM2350348,-1
GSM1649522,-1
GSM2390969,-1
GSM2390854,-1
GSM2274916,-1
GSM2390774,-1
GSM1401331,-1
GSM1479551,-1
GSM2361368,-1
GSM1576401,-1
GSM2417225,-1
GSM1548322,-1
GSM1649209,-1
GSM1977420,-1
GSM1977404,-1
GSM1619477,-1
GSM2390713,-1
GSM1479490,-1
GSM2136970,-1
GSM2054995,-1
GSM2390860,-1
GSM1901325,-1
GSM1435498,-1
GSM1548327,-1
GSM2043762,-1
GSM1940695,-1
GSM2390982,-1
GSM1681902,-1
GSM2192692,-1
GSM1726463,-1
GSM1619476,-1
GSM1602984,-1
GSM2467181,-1
GSM1113327,-1
GSM1113392,-1
GSM1548271,-1
GSM2467180,-1
GSM2390961,-1
GSM2200458,-1
GSM1649397,-1
GSM1414751,-1
GSM2277341,-1
GSM1861609,-1
GSM1695861,-1
GSM2044614,-1
GSM2277401,-1
GSM2859537,-1
GSM1726461,-1
GSM1915626,-1
GSM2074747,-1
GSM2579285,-1
GSM2425077,-1
GSM2425373,-1
GSM2390749,-1
GSM2027431,-1
GSM2491501,-1
GSM2445400,-1
GSM2183047,-1
GSM2590787,-1
GSM2859513,-1
GSM2219004,-1
GSM2027416,-1
GSM1384791,-1
GSM867287,-1
GSM2390849,-1
GSM1438895,-1
GSM1479547,-1
GSM2390748,-1
GSM2124055,-1
GSM1701336,-1
GSM2390796,-1
GSM2443593,-1
GSM1930432,-1
GSM2390926,-1
GSM2479728,-1
GSM2859515,-1
GSM1915587,-1
GSM2431644,-1
GSM2277352,-1
GSM1548291,-1
GSM1977399,-1
GSM1435502,-1
GSM1576429,-1
GSM1649482,-1
GSM2277363,-1
GSM1940697,-1
GSM2027427,-1
GSM2390908,-1
GSM1940671,-1
GSM1861840,-1
GSM818572,-1
GSM1619475,-1
GSM1716664,-1
GSM1940709,-1
GSM2859475,-1
GSM2859477,-1
GSM2070754,-1
GSM2579354,-1
GSM1901337,-1
GSM1603045,-1
GSM1701339,-1
GSM2157554,-1
GSM2135428,-1
GSM818578,-1
GSM1649510,-1
GSM2445629,-1
GSM2277347,-1
GSM1341716,-1
GSM1891808,-1
GSM2350359,-1
GSM1649513,-1
GSM1861844,-1
GSM2390810,-1
GSM1649399,-1
GSM1479480,-1
GSM2373101,-1
GSM1909020,-1
GSM2859494,-1
GSM1479538,-1
GSM2431626,-1
GSM2391025,-1
GSM1619501,-1
GSM2390948,-1
GSM1065922,-1
GSM2390734,-1
GSM1548363,-1
GSM2443599,-1
GSM2135452,-1
GSM2391059,-1
GSM1977029,-1
GSM1256809,-1
GSM2390952,-1
GSM1065920,-1
GSM1638212,-1
GSM1414745,-1
GSM1383906,-1
GSM2859528,-1
GSM2027430,-1
GSM2579334,-1
GSM1479529,-1
GSM2390853,-1
GSM1576434,-1
GSM2157535,-1
GSM1548262,-1
GSM2400237,-1
GSM818580,-1
GSM2350350,-1
GSM2390881,-1
GSM2277378,-1
GSM1401358,-1
GSM2443600,-1
GSM2124056,-1
GSM2360271,-1
GSM2043730,-1
GSM1341680,-1
GSM2072422,-1
GSM1641325,-1
GSM1649520,-1
GSM1599125,-1
GSM1977028,-1
GSM2202556,-1
GSM2772512,-1
GSM1915619,-1
GSM1542172,-1
GSM2579315,-1
GSM1548324,-1
GSM2859447,-1
GSM1354461,-1
GSM2778986,-1
GSM1869429,-1
GSM2288411,-1
GSM2590767,-1
GSM1066118,-1
GSM1185618,-1
GSM1020212,-1
GSM2135447,-1
GSM2183053,-1
GSM811628,-1
GSM2772488,-1
GSM2306834,-1
GSM1638209,-1
GSM1861842,-1
GSM2211626,-1
GSM2373107,-1
GSM2284652,-1
GSM818568,-1
GSM2225744,-1
GSM1726470,-1
GSM2390850,-1
GSM1548267,-1
GSM2590772,-1
GSM2390756,-1
GSM1940708,-1
GSM1940710,-1
GSM2778988,-1
GSM2859488,-1
GSM1649203,-1
GSM2274915,-1
GSM1354456,-1
GSM2467187,-1
GSM2071331,-1
GSM2425088,-1
GSM2390877,-1
GSM1113342,-1
GSM2431674,-1
GSM2425086,-1
GSM2579302,-1
GSM2778983,-1
GSM2330094,-1
GSM2445606,-1
GSM1621319,-1
GSM1113374,-1
GSM2390904,-1
GSM2027424,-1
GSM1649201,-1
GSM2157552,-1
GSM2859424,-1
GSM1641330,-1
GSM1603026,-1
GSM2402609,-1
GSM2011219,-1
GSM2390944,-1
GSM2445396,-1
GSM1726467,-1
GSM1940716,-1
GSM1649405,-1
GSM1548286,-1
GSM1649454,-1
GSM2044607,-1
GSM2391056,-1
GSM1726443,-1
GSM2859496,-1
GSM2277361,-1
GSM1649486,-1
GSM2859467,-1
GSM2575002,-1
GSM2579322,-1
GSM1354465,-1
GSM2390763,-1
GSM1526679,-1
GSM2390779,-1
GSM2333031,-1
GSM2431671,-1
GSM1649505,-1
GSM1548293,-1
GSM1129346,-1
GSM2241579,-1
GSM2859495,-1
GSM1113395,-1
GSM1641332,-1
GSM2136977,-1
GSM1649206,-1
GSM1649398,-1
GSM1354458,-1
GSM2425087,-1
GSM1479508,-1
GSM2183044,-1
GSM1523500,-1
GSM2171215,-1
GSM2277387,-1
GSM2390823,-1
GSM2390935,-1
GSM1585610,-1
GSM1649457,-1
GSM1354451,-1
GSM2071414,-1
GSM2391046,-1
GSM2417222,-1
GSM1940658,-1
GSM2779004,-1
GSM1869426,-1
GSM2390921,-1
GSM2333021,-1
GSM2449406,-1
GSM1113411,-1
GSM1978252,-1
GSM2479761,-1
GSM1333408,-1
GSM2859534,-1
GSM1576423,-1
GSM2390760,-1
GSM818566,-1
GSM1401342,-1
GSM1113316,-1
GSM2043742,-1
GSM2136959,-1
GSM1414746,-1
GSM2277417,-1
GSM2390833,-1
GSM1703756,-1
GSM1649407,-1
GSM1602982,-1
GSM1981338,-1
GSM2306837,-1
GSM2859474,-1
GSM1548005,-1
GSM1820116,-1
GSM1940678,-1
GSM2043732,-1
GSM1401333,-1
GSM1479528,-1
GSM2772507,-1
GSM2109409,-1
GSM1113333,-1
GSM1649401,-1
GSM1899714,-1
GSM2390776,-1
GSM2135438,-1
GSM1726446,-1
GSM2859468,-1
GSM1695866,-1
GSM1649192,-1
GSM2772504,-1
GSM2391054,-1
GSM2027428,-1
GSM2390927,-1
GSM1830785,-1
GSM2157546,-1
GSM1890595,-1
GSM2124050,-1
GSM1981340,-1
GSM1542160,-1
GSM2055643,-1
GSM2859436,-1
GSM1113405,-1
GSM2449405,-1
GSM1649459,-1
GSM1414744,-1
GSM2390866,-1
GSM2202563,-1
GSM1113370,-1
GSM1131197,-1
GSM1401339,-1
GSM1576430,-1
GSM1901313,-1
GSM1726439,-1
GSM1603029,-1
GSM1479460,-1
GSM2390872,-1
GSM1185610,-1
GSM1020215,-1
GSM2157550,-1
GSM1703753,-1
GSM1649501,-1
GSM1113396,-1
GSM2391035,-1
GSM2043769,-1
GSM2192651,-1
GSM2183045,-1
GSM2432100,-1
GSM1479558,-1
GSM2277372,-1
GSM1603037,-1
GSM1576415,-1
GSM2391004,-1
GSM2044617,-1
GSM2778982,-1
GSM1548269,-1
GSM2391042,-1
GSM2277373,-1
GSM1649496,-1
GSM2192696,-1
GSM1395290,-1
GSM1915607,-1
GSM1479522,-1
GSM2390962,-1
GSM2277371,-1
GSM2590785,-1
GSM2390718,-1
GSM2453571,-1
GSM1401360,-1
GSM1306652,-1
GSM2277423,-1
GSM2054990,-1
GSM2071332,-1
GSM2333035,-1
GSM2135433,-1
GSM2575003,-1
GSM2390899,-1
GSM2274920,-1
GSM2072442,-1
GSM1185617,-1
GSM1901303,-1
GSM1526681,-1
GSM2211631,-1
GSM2112710,-1
GSM2859419,-1
GSM2109400,-1
GSM1974233,-1
GSM1542173,-1
GSM2277376,-1
GSM1333398,-1
GSM2390919,-1
GSM1341720,-1
GSM1113347,-1
GSM1890591,-1
GSM2779018,-1
GSM2277412,-1
GSM1649449,-1
GSM2390892,-1
GSM1915622,-1
GSM1641324,-1
GSM2492579,-1
GSM1542171,-1
GSM1548318,-1
GSM2859443,-1
GSM1383753,-1
GSM2778995,-1
GSM2391021,-1
GSM2136967,-1
GSM2104426,-1
GSM1681901,-1
GSM2202554,-1
GSM1940686,-1
GSM2676835,-1
GSM1113343,-1
GSM2579357,-1
GSM2579353,-1
GSM1915616,-1
GSM2859430,-1
GSM1915606,-1
GSM1915618,-1
GSM2202560,-1
GSM2350347,-1
GSM2390809,-1
GSM1981342,-1
GSM1977408,-1
GSM2445609,-1
GSM2417226,-1
GSM1401346,-1
GSM1113416,-1
GSM2579295,-1
GSM1333394,-1
GSM1633868,-1
GSM2027429,-1
GSM2572310,-1
GSM1113325,-1
GSM2859439,-1
GSM1479561,-1
GSM1981344,-1
GSM1641319,-1
GSM1920798,-1
GSM1649489,-1
GSM2330092,-1
GSM1649396,-1
GSM1940679,-1
GSM1641329,-1
GSM2277340,-1
GSM1842233,-1
GSM1619497,-1
GSM1548256,-1
GSM1649418,-1
GSM1113337,-1
GSM1479451,-1
GSM2136973,-1
GSM2391052,-1
GSM1548321,-1
GSM1185606,-1
GSM1479486,-1
GSM2390817,-1
GSM1603024,-1
GSM2192659,-1
GSM1649473,-1
GSM2566905,-1
GSM2104419,-1
GSM1576411,-1
GSM2390714,-1
GSM1113407,-1
GSM2425090,-1
GSM1726469,-1
GSM2390710,-1
GSM1333390,-1
GSM2394850,-1
GSM1603019,-1
GSM1899713,-1
GSM1649503,-1
GSM2104418,-1
GSM2124044,-1
GSM2391045,-1
GSM2193190,-1
GSM1113398,-1
GSM2109456,-1
GSM1649434,-1
GSM2772492,-1
GSM2391002,-1
GSM2390821,-1
GSM2284654,-1
GSM1619481,-1
GSM2590784,-1
GSM2390987,-1
GSM2391043,-1
GSM1641339,-1
GSM1383909,-1
GSM2219006,-1
GSM1861607,-1
GSM1548328,-1
GSM1977419,-1
GSM1602997,-1
GSM1861847,-1
GSM1619483,-1
GSM1977421,-1
GSM1603042,-1
GSM2445607,-1
GSM2443611,-1
GSM2445394,-1
GSM2390996,-1
GSM2453564,-1
GSM1901310,-1
GSM1602996,-1
GSM1479518,-1
GSM1641331,-1
GSM1703745,-1
GSM1619490,-1
GSM2390738,-1
GSM2264214,-1
GSM2627438,-1
GSM1599127,-1
GSM1901305,-1
GSM1707996,-1
GSM2218999,-1
GSM2330097,-1
GSM1354452,-1
GSM2027417,-1
GSM2264219,-1
GSM2219001,-1
GSM1920789,-1
GSM1726475,-1
GSM2390768,-1
GSM1981349,-1
GSM2218998,-1
GSM1113364,-1
GSM1861608,-1
GSM2390876,-1
GSM1466234,-1
GSM1113366,-1
GSM2044611,-1
GSM1707677,-1
GSM2071415,-1
GSM1256817,-1
GSM1940657,-1
GSM2390862,-1
GSM1619504,-1
GSM1479514,-1
GSM1603002,-1
GSM1649394,-1
GSM1479542,-1
GSM1557748,-1
GSM1354448,-1
GSM818573,-1
GSM1649450,-1
GSM1113341,-1
GSM1548319,-1
GSM2390896,-1
GSM2390770,-1
GSM2631767,-1
GSM2390976,-1
GSM2579286,-1
GSM1612361,-1
GSM1649194,-1
GSM2400241,-1
GSM1861850,-1
GSM1649512,-1
GSM867281,-1
GSM2443601,-1
GSM1649413,-1
GSM1113378,-1
GSM2390812,-1
GSM1548266,-1
GSM1978263,-1
GSM1576418,-1
GSM2390941,-1
GSM2693346,-1
GSM2391075,-1
GSM1619494,-1
GSM2390765,-1
GSM2277353,-1
GSM2590781,-1
GSM1981350,-1
GSM1383756,-1
GSM1940668,-1
GSM2277416,-1
GSM2779002,-1
GSM1707998,-1
GSM2390957,-1
GSM1940681,-1
GSM2277375,-1
GSM1901306,-1
GSM2859493,-1
GSM2043744,-1
GSM2425091,-1
GSM2390999,-1
GSM2390716,-1
GSM1649465,-1
GSM1548342,-1
GSM2537128,-1
GSM2390884,-1
GSM2859507,-1
GSM2264218,-1
GSM2054992,-1
GSM1977406,-1
GSM1981345,-1
GSM1603022,-1
GSM1113328,-1
GSM1341714,-1
GSM1479554,-1
GSM1649200,-1
GSM2390929,-1
GSM1479468,-1
GSM721697,-1
GSM2043756,-1
GSM1843224,-1
GSM2135445,-1
GSM1940687,-1
GSM1548348,-1
GSM1548306,-1
GSM2492581,-1
GSM2443602,-1
GSM1649197,-1
GSM1548369,-1
GSM1649487,-1
GSM1649462,-1
GSM1978260,-1
GSM2778985,-1
GSM1256818,-1
GSM2859523,-1
GSM1479544,-1
GSM1548278,-1
GSM2390874,-1
GSM1981346,-1
GSM1548301,-1
GSM1603041,-1
GSM2579339,-1
GSM1129341,-1
GSM1386274,-1
GSM1686546,-1
GSM1585606,-1
GSM1479439,-1
GSM818569,-1
GSM2479723,-1
GSM1401330,-1
GSM1649447,-1
GSM2109417,-1
GSM1703706,-1
GSM2135437,-1
GSM2445644,-1
GSM1619488,-1
GSM2391061,-1
GSM2417221,-1
GSM1479548,-1
GSM2579319,-1
GSM1941370,-1
GSM1649415,-1
GSM1438896,-1
GSM990770,-1
GSM1861613,-1
GSM2390906,-1
GSM2218996,-1
GSM1479520,-1
GSM2390828,-1
GSM1065932,-1
GSM1333402,-1
GSM1479534,-1
GSM818574,-1
GSM1708000,-1
GSM2333025,-1
GSM1602981,-1
GSM2390934,-1
GSM2302919,-1
GSM1479500,-1
GSM1113376,-1
GSM1185604,-1
GSM1548277,-1
GSM2779006,-1
GSM2431630,-1
GSM1603005,-1
GSM2772487,-1
GSM1576393,-1
GSM1548335,-1
GSM2241549,-1
GSM1185605,-1
GSM1065930,-1
GSM1649435,-1
GSM1576433,-1
GSM2390938,-1
GSM1113413,-1
GSM1479531,-1
GSM818570,-1
GSM2390864,-1
GSM2390762,-1
GSM1548313,-1
GSM2859512,-1
GSM2443610,-1
GSM2445643,-1
GSM1576435,-1
GSM1585615,-1
GSM1603035,-1
GSM1641342,-1
GSM1641322,-1
GSM1704846,-1
GSM2211624,-1
GSM1701331,-1
GSM1093238,-1
GSM1915595,-1
GSM2071418,-1
GSM1869428,-1
GSM2071384,-1
GSM1726462,-1
GSM1548276,-1
GSM2306842,-1
GSM1978265,-1
GSM1940650,-1
GSM2350346,-1
GSM2241571,-1
GSM1940691,-1
GSM2859525,-1
GSM1861835,-1
GSM1633867,-1
GSM1548305,-1
GSM2390909,-1
GSM2390878,-1
GSM2390951,-1
GSM1113412,-1
GSM2859521,-1
GSM2445391,-1
GSM1479555,-1
GSM2391027,-1
GSM2071383,-1
GSM2859490,-1
GSM1383904,-1
GSM2390717,-1
GSM1401345,-1
GSM2171214,-1
GSM1941369,-1
GSM1941364,-1
GSM2202557,-1
GSM1869427,-1
GSM1915589,-1
GSM2390912,-1
GSM2027422,-1
GSM1333403,-1
GSM2390722,-1
GSM1065918,-1
GSM1977412,-1
GSM1919408,-1
GSM2135434,-1
GSM2579320,-1
GSM1275173,-1
GSM2124064,-1
GSM1256827,-1
GSM1603039,-1
GSM1113417,-1
GSM1977403,-1
GSM2390841,-1
GSM2370622,-1
GSM1649423,-1
GSM2643380,-1
GSM1695868,-1
GSM818567,-1
GSM1552803,-1
GSM2859413,-1
GSM1649214,-1
GSM1113415,-1
GSM1576403,-1
GSM1542175,-1
GSM2431668,-1
GSM1341715,-1
GSM1940670,-1
GSM2859441,-1
GSM1977027,-1
GSM2859498,-1
GSM2302026,-1
GSM1113345,-1
GSM2772505,-1
GSM1383910,-1
GSM1930433,-1
GSM2859435,-1
GSM1341712,-1
GSM1401332,-1
GSM2479719,-1
GSM2277370,-1
GSM1915608,-1
GSM2090445,-1
GSM1901341,-1
GSM1066119,-1
GSM2390838,-1
GSM1256822,-1
GSM1649193,-1
GSM2390824,-1
GSM721699,-1
GSM1548298,-1
GSM1649518,-1
GSM2425375,-1
GSM1384783,-1
GSM2859453,-1
GSM1383915,-1
GSM1681903,-1
GSM2390739,-1
GSM2859535,-1
GSM1542164,-1
GSM2579303,-1
GSM1479515,-1
GSM1915617,-1
GSM2391013,-1
GSM2390998,-1
GSM1479560,-1
GSM2192690,-1
GSM2390916,-1
GSM1548351,-1
GSM1113394,-1
GSM1940725,-1
GSM721696,-1
GSM2576758,-1
GSM1602991,-1
GSM2306840,-1
GSM2043755,-1
GSM2859502,-1
GSM1726454,-1
GSM1915601,-1
GSM1649504,-1
GSM1726466,-1
GSM1940690,-1
GSM2350354,-1
GSM2090448,-1
GSM1113387,-1
GSM1602995,-1
GSM867284,-1
GSM2302920,-1
GSM2391065,-1
GSM2390816,-1
GSM1619492,-1
GSM1603028,-1
GSM2772514,-1
GSM1619510,-1
GSM1649432,-1
GSM2579329,-1
GSM1649406,-1
GSM2566909,-1
GSM2445635,-1
GSM1548375,-1
GSM1820118,-1
GSM1726448,-1
GSM2445633,-1
GSM2074748,-1
GSM2390729,-1
GSM1383914,-1
GSM1649436,-1
GSM1915620,-1
GSM1576391,-1
GSM2390731,-1
GSM1899716,-1
GSM1603006,-1
GSM1726440,-1
GSM2043740,-1
GSM1930427,-1
GSM1479457,-1
GSM1599123,-1
GSM2391019,-1
GSM1978258,-1
GSM2691351,-1
GSM2390773,-1
GSM1256810,-1
GSM2350349,-1
GSM1695869,-1
GSM2474455,-1
GSM2192653,-1
GSM1333405,-1
GSM2157553,-1
GSM2390875,-1
GSM2277408,-1
GSM1113353,-1
GSM1716669,-1
GSM2590779,-1
GSM2859458,-1
GSM2443607,-1
GSM1649470,-1
GSM1548338,-1
GSM1649448,-1
GSM2391016,-1
GSM1638211,-1
GSM2390984,-1
GSM1603017,-1
GSM1435497,-1
GSM2859527,-1
GSM2779015,-1
GSM1901327,-1
GSM1585614,-1
GSM1861834,-1
GSM1548295,-1
GSM1649463,-1
GSM1842234,-1
GSM2241568,-1
GSM1940682,-1
GSM2859444,-1
GSM1940694,-1
GSM2453542,-1
GSM1649517,-1
GSM1602987,-1
GSM1641341,-1
GSM2390922,-1
GSM2574999,-1
GSM1726452,-1
GSM2579300,-1
GSM2135429,-1
GSM1548309,-1
GSM2859450,-1
GSM2391015,-1
GSM1649524,-1
GSM1479494,-1
GSM1548336,-1
GSM1113360,-1
GSM1940703,-1
GSM1908819,-1
GSM1576426,-1
GSM2027310,-1
GSM2467189,-1
GSM1435500,-1
GSM1915578,-1
GSM1479504,-1
GSM1576437,-1
GSM1843222,-1
GSM1978257,-1
GSM1861848,-1
GSM1940684,-1
GSM2135430,-1
GSM2390933,-1
GSM2390967,-1
GSM2453566,-1
GSM1333381,-1
GSM1649393,-1
GSM1576413,-1
GSM1479521,-1
GSM1940674,-1
GSM1548356,-1
GSM958750,-1
GSM2219003,-1
GSM1131195,-1
GSM1548368,-1
GSM2135436,-1
GSM1649521,-1
GSM811625,-1
GSM1612365,-1
GSM1619484,-1
GSM2590782,-1
GSM1619496,-1
GSM1576405,-1
GSM2043745,-1
GSM1113420,-1
GSM2193193,-1
GSM1830782,-1
GSM2391001,-1
GSM1915624,-1
GSM1974236,-1
GSM2211625,-1
GSM1649437,-1
GSM1185603,-1
GSM1548359,-1
GSM1820115,-1
GSM1479443,-1
GSM1901343,-1
GSM2859420,-1
GSM1915621,-1
GSM2590768,-1
GSM1974234,-1
GSM1131192,-1
GSM2425075,-1
GSM2277346,-1
GSM2241572,-1
GSM2859449,-1
GSM1649409,-1
GSM2579352,-1
GSM1726460,-1
GSM2124046,-1
GSM1333382,-1
GSM2479725,-1
GSM1701340,-1
GSM2124060,-1
GSM2333030,-1
GSM1703703,-1
GSM1113332,-1
GSM2390724,-1
GSM1940700,-1
GSM2350361,-1
GSM2859417,-1
GSM2627443,-1
GSM2043757,-1
GSM1599124,-1
GSM1479537,-1
GSM1641335,-1
GSM1333407,-1
GSM1401325,-1
GSM1333380,-1
GSM2390786,-1
GSM2211621,-1
GSM1649417,-1
GSM1542169,-1
GSM1576396,-1
GSM1479482,-1
GSM1113326,-1
GSM2779000,-1
GSM2467191,-1
GSM2390945,-1
GSM2043747,-1
GSM2390752,-1
GSM2431677,-1
GSM1638214,-1
GSM1603004,-1
GSM1576408,-1
GSM1939603,-1
GSM1602986,-1
GSM2491500,-1
GSM2390858,-1
GSM2277391,-1
GSM2590769,-1
GSM2390997,-1
GSM1401324,-1
GSM1581063,-1
GSM1113317,-1
GSM2044616,-1
GSM2391062,-1
GSM1888812,-1
GSM1401337,-1
GSM1383905,-1
GSM1603040,-1
GSM2590770,-1
GSM1649412,-1
GSM2390811,-1
GSM2467184,-1
GSM1863325,-1
GSM1548329,-1
GSM2090446,-1
GSM1383903,-1
GSM2859530,-1
GSM1899709,-1
GSM1886915,-1
GSM2445603,-1
GSM2431640,-1
GSM1548260,-1
GSM2027426,-1
GSM2772485,-1
GSM1113356,-1
GSM2859461,-1
GSM2390837,-1
GSM2467185,-1
GSM1619479,-1
GSM1333383,-1
GSM2390790,-1
GSM1940717,-1
GSM2579332,-1
GSM1981337,-1
GSM2136962,-1
GSM2074746,-1
GSM2241550,-1
GSM2390911,-1
GSM2037129,-1
GSM818563,-1
GSM2391020,-1
GSM2691350,-1
GSM2390903,-1
GSM1861837,-1
GSM2390785,-1
GSM1113419,-1
GSM2361398,-1
GSM2443609,-1
GSM2241562,-1
GSM2157544,-1
GSM1909015,-1
GSM1548259,-1
GSM1479464,-1
GSM2027421,-1
GSM1703710,-1
GSM2124062,-1
GSM1977405,-1
GSM1333391,-1
GSM2390954,-1
GSM1479476,-1
GSM2390855,-1
GSM1908816,-1
GSM1479513,-1
GSM1576395,-1
GSM1113375,-1
GSM1665987,-1
GSM1619511,-1
GSM1333379,-1
GSM1888825,-1
GSM1479454,-1
GSM2859429,-1
GSM2425078,-1
GSM1333386,-1
GSM1333396,-1
GSM2390861,-1
GSM2778991,-1
GSM2277400,-1
GSM2631758,-1
GSM1479459,-1
GSM1603048,-1
GSM1619503,-1
GSM1113384,-1
GSM2579326,-1
GSM1703709,-1
GSM2779020,-1
GSM1977414,-1
GSM1704845,-1
GSM2778990,-1
GSM2277406,-1
GSM1901309,-1
GSM2274918,-1
GSM1113371,-1
GSM2101628,-1
GSM1548275,-1
GSM2043763,-1
GSM1354455,-1
GSM2133911,-1
GSM1915596,-1
GSM2391007,-1
GSM1940654,-1
GSM1888828,-1
GSM1576446,-1
GSM1649430,-1
GSM1649429,-1
GSM2691349,-1
GSM2563824,-1
GSM2859445,-1
GSM1861615,-1
GSM1401343,-1
GSM2579310,-1
GSM1548302,-1
GSM2219005,-1
GSM2135454,-1
GSM2390856,-1
GSM2391031,-1
GSM2772506,-1
GSM1861843,-1
GSM2044529,-1
GSM2391032,-1
GSM1552804,-1
GSM2390775,-1
GSM1383911,-1
GSM1977417,-1
GSM1138580,-1
GSM2390851,-1
GSM1113319,-1
GSM2443594,-1
GSM2390799,-1
GSM2211628,-1
GSM1915599,-1
GSM1707674,-1
GSM2390759,-1
GSM2390784,-1
GSM2330096,-1
GSM2566906,-1
GSM2443612,-1
GSM1981348,-1
GSM2197435,-1
GSM1978262,-1
GSM2859476,-1
GSM2859533,-1
GSM818565,-1
GSM1576414,-1
GSM2779007,-1
GSM1333400,-1
GSM2197432,-1
GSM2274922,-1
GSM2136985,-1
GSM2390753,-1
GSM1602990,-1
GSM2124048,-1
GSM1113321,-1
GSM2211632,-1
GSM2390974,-1
GSM2277383,-1
GSM1548289,-1
GSM1703716,-1
GSM1649451,-1
GSM1113318,-1
GSM2445392,-1
GSM2211629,-1
GSM2044610,-1
GSM1649428,-1
GSM1726455,-1
GSM1861839,-1
GSM2443608,-1
GSM2778987,-1
GSM1619512,-1
GSM2277349,-1
GSM2391074,-1
GSM2431687,-1
GSM2590783,-1
GSM1977415,-1
GSM2390726,-1
GSM2277374,-1
GSM1548009,-1
GSM2390936,-1
GSM811624,-1
GSM2390826,-1
GSM1341709,-1
GSM1915579,-1
GSM2390802,-1
GSM2859418,-1
GSM1275175,-1
GSM1621320,-1
GSM2778981,-1
GSM2859482,-1
GSM2859504,-1
GSM2070755,-1
GSM1341697,-1
GSM1649471,-1
GSM1649455,-1
GSM2302065,-1
GSM1548288,-1
GSM1940726,-1
GSM1649395,-1
GSM1333404,-1
GSM2390992,-1
GSM2859520,-1
GSM1526678,-1
GSM2197431,-1
GSM1930424,-1
GSM1940718,-1
GSM1113330,-1
GSM2136957,-1
GSM2390847,-1
GSM2391066,-1
GSM1978259,-1
GSM2390831,-1
GSM1185613,-1
GSM2579307,-1
GSM2277396,-1
GSM1603044,-1
GSM1915593,-1
GSM2643373,-1
GSM1726450,-1
GSM2390981,-1
GSM1275174,-1
GSM2390960,-1
GSM1649480,-1
GSM1888811,-1
GSM2284653,-1
GSM1113393,-1
GSM1333401,-1
GSM2171212,-1
GSM2390880,-1
GSM1580983,-1
GSM1981335,-1
GSM2302049,-1
GSM2135432,-1
GSM2576774,-1
GSM2425376,-1
GSM1542165,-1
GSM2043748,-1
GSM2627441,-1
GSM1037854,-1
GSM1726468,-1
GSM1726457,-1
GSM1113354,-1
GSM1603034,-1
GSM2563825,-1
GSM2391034,-1
GSM1862898,-1
GSM2043768,-1
GSM2136976,-1
GSM1978256,-1
GSM2402610,-1
GSM1113324,-1
GSM2390915,-1
GSM2579323,-1
GSM2136981,-1
GSM2859492,-1
GSM1113351,-1
GSM2124063,-1
GSM1602985,-1
GSM2361394,-1
GSM2453556,-1
GSM2859479,-1
GSM2277382,-1
GSM2479720,-1
GSM2579309,-1
GSM1726471,-1
GSM1542166,-1
GSM1982299,-1
GSM1113348,-1
GSM1576442,-1
GSM2043759,-1
GSM1576402,-1
GSM2859426,-1
GSM2579358,-1
GSM1333397,-1
GSM1065927,-1
GSM2579298,-1
GSM1548297,-1
GSM1479550,-1
GSM1401334,-1
GSM2277366,-1
GSM2390907,-1
GSM2277379,-1
GSM2390902,-1
GSM1548373,-1
GSM1981334,-1
GSM2778994,-1
GSM2417224,-1
GSM1576404,-1
GSM2579313,-1
GSM1909016,-1
GSM1603023,-1
GSM2090447,-1
GSM1703736,-1
GSM1649493,-1
GSM2445627,-1
GSM2390778,-1
GSM1333406,-1
GSM1649419,-1
GSM958744,-1
GSM1886914,-1
GSM2277345,-1
GSM1703725,-1
GSM1649403,-1
GSM2390792,-1
GSM1113349,-1
GSM2779017,-1
GSM1113335,-1
GSM1641336,-1
GSM2579293,-1
GSM1384774,-1
GSM2579338,-1
GSM1901339,-1
GSM2390843,-1
GSM1649441,-1
GSM2044615,-1
GSM1466235,-1
GSM2104420,-1
GSM2390795,-1
GSM970929,-1
GSM2361393,-1
GSM2043746,-1
GSM1585609,-1
GSM2445646,-1
GSM2390801,-1
GSM2202555,-1
GSM2390709,-1
GSM1479556,-1
GSM2193207,-1
GSM2425372,-1
GSM2779005,-1
GSM2133909,-1
GSM2277424,-1
GSM2043733,-1
GSM2390800,-1
GSM1612363,-1
GSM2390769,-1
GSM1940675,-1
GSM1899717,-1
GSM2391069,-1
GSM2200450,-1
GSM2390923,-1
GSM2277409,-1
GSM1113362,-1
GSM2390793,-1
GSM2425374,-1
GSM2390898,-1
GSM2043761,-1
GSM1333389,-1
GSM1548312,-1
GSM2390975,-1
GSM2027311,-1
GSM1548263,-1
GSM2373106,-1
GSM1401341,-1
GSM1185614,-1
GSM2390715,-1
GSM2264216,-1
GSM1548349,-1
GSM1548299,-1
GSM2043754,-1
GSM1641337,-1
GSM1843225,-1
GSM1113382,-1
GSM2390836,-1
GSM1113334,-1
GSM1122675,-1
GSM1861852,-1
GSM2431634,-1
GSM2390797,-1
GSM1920793,-1
GSM1707676,-1
GSM1436135,-1
GSM2590774,-1
GSM1908818,-1
GSM1619498,-1
GSM2779022,-1
GSM2390742,-1
GSM1548320,-1
GSM2350352,-1
GSM2431611,-1
GSM1275177,-1
GSM1603011,-1
GSM1479446,-1
GSM2157539,-1
GSM2391048,-1
GSM1576444,-1
GSM2859484,-1
GSM2218995,-1
GSM1649400,-1
GSM1401320,-1
GSM1869430,-1
GSM1576436,-1
GSM2859531,-1
GSM2360265,-1
GSM2772486,-1
GSM2302024,-1
GSM1915623,-1
GSM1649519,-1
GSM1354460,-1
GSM2859464,-1
GSM2443606,-1
GSM1649207,-1
GSM2390857,-1
GSM2027315,-1
GSM2225743,-1
GSM2859514,-1
GSM1649488,-1
GSM1978251,-1
GSM1548353,-1
GSM2157548,-1
GSM1548307,-1
GSM1901328,-1
GSM1091811,-1
GSM2390931,-1
GSM1977030,-1
GSM2579306,-1
GSM1649411,-1
GSM1940698,-1
GSM2192655,-1
GSM2333024,-1
GSM1641327,-1
GSM2044613,-1
GSM2183056,-1
GSM2631771,-1
GSM1649502,-1
GSM2453548,-1
GSM1548308,-1
GSM1649443,-1
GSM1703765,-1
GSM2055644,-1
GSM1383754,-1
GSM1886913,-1
GSM1548317,-1
GSM1548296,-1
GSM1901320,-1
GSM1548378,-1
GSM1641340,-1
GSM1548294,-1
GSM2277415,-1
GSM2135431,-1
GSM2391068,-1
GSM1649484,-1
GSM1703722,-1
GSM1354457,-1
GSM2479721,-1
GSM2277413,-1
GSM2859529,-1
GSM2027414,-1
GSM1649404,-1
GSM2491496,-1
GSM1548326,-1
GSM2043738,-1
GSM1129345,-1
GSM2136964,-1
GSM1603014,-1
GSM976981,-1
GSM1703708,-1
GSM2054993,-1
GSM1548343,-1
GSM2055640,-1
GSM2779012,-1
GSM2391022,-1
GSM1619491,-1
GSM1712268,-1
GSM2859497,-1
GSM2579344,-1
GSM1552802,-1
GSM2135446,-1
GSM1681904,-1
GSM2431622,-1
GSM1548325,-1
GSM1548365,-1
GSM1603007,-1
GSM2425081,-1
GSM1915615,-1
GSM2631762,-1
GSM1599121,-1
GSM1113359,-1
GSM1915590,-1
GSM1940680,-1
GSM2391044,-1
GSM1479509,-1
GSM1354466,-1
GSM2197438,-1
GSM2859451,-1
GSM1901312,-1
GSM2643385,-1
GSM2859456,-1
GSM2467179,-1
GSM2391005,-1
GSM2277397,-1
GSM2277418,-1
GSM1621317,-1
GSM1383755,-1
GSM1256816,-1
GSM2467183,-1
GSM2219000,-1
GSM1479448,-1
GSM2772493,-1
GSM1915588,-1
GSM2445608,-1
GSM1113383,-1
GSM2431648,-1
GSM2090444,-1
GSM1726473,-1
GSM1649477,-1
GSM2043764,-1
GSM1940655,-1
GSM2390991,-1
GSM2090443,-1
GSM1113350,-1
GSM1401357,-1
GSM2330101,-1
GSM1603032,-1
GSM1915613,-1
GSM2390757,-1
GSM1526680,-1
GSM1920791,-1
GSM1899710,-1
GSM1479458,-1
GSM2445641,-1
GSM1901304,-1
GSM1977410,-1
GSM2104424,-1
GSM1695863,-1
GSM1113373,-1
GSM2192649,-1
GSM1649499,-1
GSM2390985,-1
GSM2043758,-1
GSM1649426,-1
GSM2390893,-1
GSM1479502,-1
GSM2256663,-1
GSM818564,-1
GSM1256821,-1
GSM2579292,-1
GSM1479523,-1
GSM2171213,-1
GSM2136968,-1
GSM2390958,-1
GSM1930435,-1
GSM2390750,-1
GSM1479479,-1
GSM1940704,-1
GSM1479488,-1
GSM1375212,-1
GSM2136971,-1
GSM1603000,-1
GSM1649468,-1
GSM1915598,-1
GSM2277420,-1
GSM2579337,-1
GSM1576432,-1
GSM1649507,-1
GSM2859516,-1
GSM1479466,-1
GSM2391003,-1
GSM1122673,-1
GSM2391018,-1
GSM2445631,-1
GSM2183041,-1
GSM2579347,-1
GSM1548304,-1
GSM1649444,-1
GSM1341692,-1
GSM1602980,-1
GSM2390832,-1
GSM1930436,-1
GSM1576440,-1
GSM2390920,-1
GSM1726447,-1
GSM2459966,-1
GSM2277393,-1
GSM1479524,-1
GSM1603038,-1
GSM1479532,-1
GSM2627442,-1
GSM986107,-1
GSM2479726,-1
GSM2043749,-1
GSM2390914,-1
GSM1383774,-1
GSM1890599,-1
GSM2479758,-1
GSM1619478,-1
GSM2390766,-1
GSM1603015,-1
GSM1602992,-1
